159305820636.6614 51761598753.97945
159305820564.3931 51761598710.90924
159305820688.37637 51761598759.507744
159305820521.69666 51761598779.35697
159305820559.2906 51761598785.65747
159305820479.7628 51761598782.24229
159305820595.8728 51761598874.45975
159305820679.72647 51761598884.0317
159305820525.0484 51761598847.974556
159305820472.12964 51761598800.64705
159305820521.31702 51761598894.836266
159305820711.5786 51761598874.60787
159305820637.5143 51761598881.89981
159305820698.31696 51761598888.50492
159305820609.1291 51761598911.69042
159305820592.7542 51761598915.2769
159305820740.8247 51761598930.52292
159305820722.37027 51761598934.93128
159305820590.94833 51761598970.20116
159305820635.5148 51761598920.357346
159305820588.5793 51761598920.90729
159305820621.1698 51761598935.16344
159305820610.23526 51761599007.22035
159305820671.65048 51761599015.50739
159305820568.1589 51761599040.68048
159305820650.05844 51761599055.77877
