159305820753.00543 51761598661.264404
159305820426.399 51761598612.77543
159305820416.03873 51761598627.93014
159305820611.97195 51761598670.240974
159305820545.53348 51761598689.52327
159305820607.20276 51761598678.8581
159305820501.21545 51761598702.71088
159305820445.03223 51761598716.51537
159305820663.99716 51761598776.071915
159305820608.52515 51761598778.4405
159305820540.64627 51761598752.99793
159305820530.74823 51761598819.0345
159305820498.78284 51761598817.24171
159305820709.54486 51761598863.83874
159305820588.83853 51761598904.26842
159305820454.13474 51761598823.49563
159305820495.38965 51761598908.69668
159305820448.1454 51761598846.05949
159305820514.65378 51761598929.45465
159305820615.82385 51761598985.9311
159305820590.0267 51761599025.092
