159305820609.431 51761598608.71511
159305820477.5507 51761598605.55729
159305820518.04605 51761598613.115456
159305820436.89694 51761598601.22593
159305820517.09988 51761598634.6246
159305820454.13483 51761598697.1283
159305820461.096 51761598720.82518
159305820643.69894 51761598698.653725
159305820571.02936 51761598686.80289
159305820488.47675 51761598763.076935
159305820695.58954 51761598773.74017
159305820735.41992 51761598821.48786
159305820538.19864 51761598818.42929
159305820430.0945 51761598815.899055
159305820771.1912 51761598834.45033
159305820780.80453 51761598839.30667
159305820637.79715 51761598805.66082
159305820581.80807 51761598837.77175
159305820369.3461 51761598793.13277
159305820543.08112 51761598844.42178
159305820486.81528 51761598851.38545
159305820364.65186 51761598823.84049
159305820712.46338 51761598888.09704
159305820656.25278 51761598902.40464
159305820604.13953 51761598912.90262
159305820438.4522 51761598910.82677
159305820356.7062 51761598869.44315
159305820519.03772 51761598898.78327
159305820759.12393 51761598991.0787
159305820645.5261 51761599018.134415
159305820504.90958 51761598951.2345
159305820549.6303 51761599025.79302
159305820499.5303 51761598966.82499
159305820446.5792 51761599038.69086
159305820583.33585 51761599034.08505
159305820376.09668 51761599012.905174
159305820465.8808 51761599070.494125
