159305820526.1108 51761598646.55382
159305820457.38745 51761598644.048744
159305820665.37976 51761598610.335434
159305820486.38953 51761598679.71215
159305820537.19147 51761598717.29891
159305820621.28796 51761598769.49194
159305820431.91882 51761598751.05708
159305820581.6035 51761598725.70656
159305820542.914 51761598743.401886
159305820719.24332 51761598779.72439
159305820492.07742 51761598765.126816
159305820660.93985 51761598784.71738
159305820366.9312 51761598818.54959
159305820593.17126 51761598776.510254
159305820365.69882 51761598855.58311
159305820795.94867 51761598861.52028
159305820784.8162 51761598862.553955
159305820601.99832 51761598853.56771
159305820564.0558 51761598851.25199
159305820461.60193 51761598846.29183
159305820753.0748 51761598925.6322
159305820665.62363 51761598916.45641
159305820363.7823 51761598897.566696
159305820528.76337 51761598867.203735
159305820588.4512 51761598921.39488
159305820610.068 51761598953.55797
159305820525.84973 51761598889.03286
159305820485.47485 51761598974.69385
159305820508.84842 51761599005.84954
159305820406.20093 51761599002.01256
159305820735.92087 51761599074.55651
159305820457.4918 51761599051.20626
159305820734.0906 51761599095.4766
159305820487.13843 51761599068.41391
159305820510.00122 51761599082.459984
159305820729.45938 51761599066.92392
159305820457.8081 51761599055.59038
159305820430.89865 51761599076.32397
159305820500.40582 51761599128.27287
159305820482.1257 51761599130.68885
