159305820602.99808 51761598625.086426
159305820552.11575 51761598630.346985
159305820537.6736 51761598655.68419
159305820608.39044 51761598666.714806
159305820536.8892 51761598664.64994
159305820503.6389 51761598622.86261
159305820666.95074 51761598733.76334
159305820525.54645 51761598737.06061
159305820772.41687 51761598748.31777
159305820422.1859 51761598752.31093
159305820566.9519 51761598751.50831
159305820618.4502 51761598738.57128
159305820523.9787 51761598760.7983
159305820433.50577 51761598806.50374
159305820682.13794 51761598844.76537
159305820626.21 51761598839.84535
159305820565.23154 51761598818.991745
159305820480.82123 51761598895.98178
159305820482.93826 51761598906.20519
159305820548.67435 51761598877.032745
159305820729.19183 51761598926.36654
159305820475.4988 51761598879.558266
159305820597.45425 51761598965.99688
159305820512.54678 51761598963.52067
159305820468.86188 51761598898.050186
159305820533.629 51761598986.445335
159305820633.84283 51761599085.63758
159305820593.4974 51761599122.260605
