159305820648.32645 51761598628.20006
159305820510.59778 51761598614.791504
159305820739.0677 51761598714.983406
159305820530.80753 51761598704.84697
159305820583.24133 51761598693.9502
159305820482.67902 51761598715.693565
159305820641.17487 51761598796.63042
159305820584.91406 51761598796.86344
159305820514.0741 51761598765.51362
159305820443.7272 51761598853.733444
159305820446.84042 51761598864.044014
159305820509.11374 51761598841.95483
159305820685.7983 51761598882.8414
159305820595.0949 51761598886.95172
159305820431.39554 51761598841.84775
159305820478.66248 51761598911.62035
159305820425.66763 51761598861.42302
159305820492.59116 51761598948.86897
159305820730.1956 51761599050.5157
159305820589.96515 51761599051.98108
159305820674.46616 51761599142.87881
159305820677.7537 51761599151.19698
159305820708.37622 51761599139.060295
159305820717.0805 51761599142.83328
159305820678.58987 51761599112.33637
159305820557.98157 51761599106.64867
159305820651.7992 51761599123.48512
159305820513.22778 51761599124.81725
