159305820459.26834 51761598667.03934
159305820580.58813 51761598636.5477
159305820658.82452 51761598679.64229
159305820459.5176 51761598687.13754
159305820675.7973 51761598692.169235
159305820641.21454 51761598658.734825
159305820626.95667 51761598672.544716
159305820441.106 51761598666.69044
159305820709.38742 51761598713.27259
159305820481.2897 51761598758.77919
159305820688.5048 51761598722.48762
159305820387.42535 51761598800.59278
159305820561.34827 51761598824.48157
159305820526.1668 51761598771.937355
159305820670.42587 51761598772.10048
159305820484.5759 51761598788.375015
159305820436.8636 51761598806.20937
159305820643.29245 51761598806.86794
159305820602.38013 51761598841.67768
159305820522.7984 51761598820.244804
159305820539.91425 51761598897.97186
159305820503.61548 51761598899.81523
159305820693.2121 51761598881.95344
159305820598.7178 51761598969.55825
159305820676.42673 51761598924.652985
159305820524.43115 51761598960.0574
159305820446.10226 51761598990.97912
159305820444.44632 51761599009.906815
159305820618.06152 51761598948.176025
159305820532.41647 51761599010.530914
159305820593.81604 51761599058.29209
159305820636.26572 51761599012.62644
159305820622.095 51761599025.44015
159305820640.26462 51761599083.27684
159305820690.1855 51761599046.7162
159305820670.48904 51761599052.76919
159305820655.7579 51761599060.514755
159305820629.08316 51761599161.300255
