159305820545.88672 51761598611.92916
159305820524.8795 51761598611.095085
159305820516.4562 51761598592.31931
159305820512.13412 51761598629.96068
159305820512.7707 51761598705.98673
159305820593.885 51761598648.27303
159305820583.86118 51761598682.529755
159305820616.85968 51761598782.527664
159305820476.86356 51761598752.41186
159305820538.19183 51761598762.796486
159305820339.84042 51761598797.295166
159305820723.28217 51761598793.28023
159305820619.83008 51761598846.121735
159305820527.94327 51761598819.66837
159305820413.50827 51761598871.50951
159305820475.23947 51761598912.21981
159305820669.1402 51761598922.44439
159305820660.0967 51761598954.49112
159305820497.9307 51761598879.43724
159305820658.61508 51761598971.42642
159305820494.15768 51761598888.141525
159305820524.8487 51761598951.777336
159305820511.77267 51761598942.8242
159305820491.0644 51761598950.04684
159305820415.18863 51761598992.73059
159305820478.6837 51761599027.988396
159305820557.08536 51761599007.45229
159305820454.63812 51761599012.243095
159305820689.16217 51761599060.89975
159305820479.34198 51761599027.8059
159305820385.81714 51761599050.006996
159305820460.45175 51761599037.19524
159305820736.30756 51761599107.18487
159305820485.5536 51761599112.56754
159305820414.41235 51761599123.72229
159305820581.7395 51761599070.82954
159305820751.139 51761599131.6283
159305820687.35556 51761599172.58519
159305820352.68524 51761599172.09393
159305820571.58606 51761599116.81218
159305820705.02557 51761599177.14258
159305820619.0841 51761599220.26619
159305820711.40503 51761599236.18236
159305820567.71375 51761599149.59945
159305820372.93338 51761599216.02585
159305820623.31818 51761599240.71301
159305820441.74554 51761598471.31759
159305820420.7383 51761598470.48351
159305820412.315 51761598451.70774
159305820407.99292 51761598489.349106
159305820408.62952 51761598565.37517
159305820489.7438 51761598507.66146
159305820479.72 51761598541.91818
159305820512.7185 51761598641.91609
159305820372.72235 51761598611.800285
159305820434.05066 51761598622.18491
159305820235.69925 51761598656.68359
159305820619.141 51761598652.668655
159305820515.68887 51761598705.51016
159305820423.80206 51761598679.0568
159305820309.3671 51761598730.897934
159305820371.0983 51761598771.60824
159305820564.99902 51761598781.83282
159305820555.95554 51761598813.87955
159305820393.7895 51761598738.82567
159305820554.4739 51761598830.81486
159305820390.0165 51761598747.52995
159305820420.7075 51761598811.165764
159305820407.6315 51761598802.21263
159305820386.92322 51761598809.435265
159305820311.04745 51761598852.119026
159305820374.54248 51761598887.37682
159305820452.94415 51761598866.84073
159305820350.49695 51761598871.63152
159305820585.021 51761598920.28818
159305820375.2008 51761598887.19433
159305820281.67596 51761598909.395424
159305820356.31058 51761598896.583664
159305820632.16638 51761598966.573296
159305820381.4124 51761598971.95597
159305820310.27118 51761598983.11072
159305820477.59833 51761598930.217964
159305820646.99783 51761598991.01673
159305820583.21436 51761599031.97362
159305820248.54407 51761599031.48236
159305820467.4449 51761598976.20061
159305820600.8844 51761599036.531006
159305820514.94293 51761599079.65462
159305820607.26385 51761599095.570786
159305820463.57254 51761599008.98788
159305820268.79218 51761599075.414276
159305820519.17697 51761599100.10144
