159305820562.13412 51761598769.83122
159305820550.0619 51761598735.81543
159305820576.01898 51761598806.17969
159305820623.76755 51761598848.00985
159305820624.92584 51761598869.19141
159305820530.23138 51761598844.19553
159305820594.93436 51761598861.90215
159305820371.30246 51761598822.01122
159305820354.0935 51761598846.60495
159305820645.44336 51761598947.62681
159305820543.23132 51761598965.15841
159305820544.43933 51761598974.29848
159305820463.74493 51761598932.67266
159305820334.90393 51761598910.81925
159305820329.13855 51761598919.34923
159305820287.50574 51761599020.74738
159305820361.65826 51761598994.1488
159305820292.3002 51761599046.26234
159305820351.5431 51761599052.30174
159305820493.5368 51761599087.59444
