159305820405.32877 51761598606.65461
159305820454.46777 51761598674.81305
159305820444.94467 51761598700.43701
159305820423.29086 51761598646.76081
159305820455.1619 51761598657.83331
159305820414.62408 51761598654.03312
159305820448.18253 51761598720.796684
159305820408.12396 51761598659.48736
159305820549.81863 51761598733.69729
159305820582.7558 51761598769.8457
159305820518.7442 51761598744.86756
159305820602.92896 51761598791.68703
159305820453.89218 51761598763.28542
159305820504.59583 51761598867.756454
159305820504.63333 51761598878.80175
159305820346.01227 51761598893.85372
159305820305.64865 51761598818.50808
159305820509.54758 51761598844.55244
159305820357.69293 51761598920.97496
159305820301.95062 51761598849.302956
159305820549.65384 51761598934.924324
159305820452.36136 51761598918.14807
159305820571.52045 51761598948.88325
159305820667.97937 51761598945.41275
159305820545.00497 51761598921.81457
159305820338.83618 51761598982.3483
159305820562.80276 51761599026.07344
159305820356.88013 51761599017.05299
159305820505.7172 51761598978.205986
159305820490.5503 51761598990.93253
159305820519.04944 51761599045.72382
159305820456.723 51761599017.37924
159305820358.67496 51761599026.93253
159305820399.34464 51761599032.49831
159305820361.90466 51761599031.64773
159305820458.88446 51761599127.74182
159305820411.9913 51761599148.53443
159305820456.49673 51761599190.5733
159305820525.43274 51761599203.483765
159305820665.72418 51761599212.1941
