159305820545.88672 51761598611.92916
159305820524.8795 51761598611.095085
159305820516.4562 51761598592.31931
159305820512.13412 51761598629.96068
159305820512.7707 51761598705.98673
159305820593.885 51761598648.27303
159305820583.86118 51761598682.529755
159305820616.85968 51761598782.527664
159305820476.86356 51761598752.41186
159305820538.19183 51761598762.796486
159305820339.84042 51761598797.295166
159305820723.28217 51761598793.28023
159305820619.83008 51761598846.121735
159305820527.94327 51761598819.66837
159305820413.50827 51761598871.50951
159305820475.23947 51761598912.21981
159305820669.1402 51761598922.44439
159305820660.0967 51761598954.49112
159305820497.9307 51761598879.43724
159305820658.61508 51761598971.42642
159305820494.15768 51761598888.141525
159305820524.8487 51761598951.777336
159305820511.77267 51761598942.8242
159305820491.0644 51761598950.04684
159305820415.18863 51761598992.73059
159305820478.6837 51761599027.988396
159305820557.08536 51761599007.45229
159305820454.63812 51761599012.243095
159305820689.16217 51761599060.89975
159305820479.34198 51761599027.8059
159305820385.81714 51761599050.006996
159305820460.45175 51761599037.19524
159305820736.30756 51761599107.18487
159305820485.5536 51761599112.56754
159305820414.41235 51761599123.72229
159305820581.7395 51761599070.82954
159305820751.139 51761599131.6283
159305820687.35556 51761599172.58519
159305820352.68524 51761599172.09393
159305820571.58606 51761599116.81218
159305820705.02557 51761599177.14258
159305820619.0841 51761599220.26619
159305820711.40503 51761599236.18236
159305820567.71375 51761599149.59945
159305820372.93338 51761599216.02585
159305820623.31818 51761599240.71301
