159305820643.83264 51761598727.08589
159305820528.67493 51761598706.66455
159305820588.74557 51761598719.95061
159305820660.40714 51761598755.639114
159305820358.62164 51761598748.40298
159305820661.8852 51761598823.47508
159305820577.49158 51761598768.79719
159305820464.90054 51761598819.1794
159305820515.2832 51761598862.766075
159305820538.01627 51761598823.69136
159305820681.50986 51761598912.4591
159305820533.15994 51761598833.30469
159305820558.2763 51761598908.33379
159305820320.24176 51761598904.654076
159305820548.18802 51761598906.574165
159305820527.00644 51761598907.732475
159305820323.9032 51761598943.11956
159305820515.19852 51761598894.84986
159305820452.16763 51761598945.27409
159305820488.88998 51761598961.536545
159305820315.13998 51761598925.657486
159305820514.40134 51761598990.48849
159305820497.1174 51761598992.991615
159305820425.82895 51761598997.59409
159305820509.5958 51761599064.40595
159305820461.6533 51761598995.03475
159305820631.79187 51761599076.04442
159305820605.7165 51761599075.77076
159305820327.03833 51761599097.49091
159305820588.51068 51761599081.24936
159305820389.8709 51761599173.6607
159305820638.02332 51761599190.3677
159305820600.2472 51761599129.78349
159305820644.21228 51761599199.94354
159305820339.6045 51761599180.554985
159305820445.28192 51761599192.45491
159305820533.56442 51761599171.751564
159305820638.49362 51761599157.1401
159305820393.88098 51761599208.14141
159305820582.04202 51761599154.29006
159305820338.80792 51761599212.60753
159305820450.20105 51761599228.01897
