159305820572.8043 51761598624.1736
159305820569.85623 51761598583.0431
159305820564.21548 51761598601.62218
159305820546.97098 51761598638.63481
159305820535.75137 51761598640.66468
159305820590.01215 51761598622.59631
159305820558.34897 51761598622.50052
159305820579.12897 51761598643.728195
159305820642.89783 51761598661.306206
159305820633.8702 51761598695.650085
159305820527.08527 51761598755.93075
159305820586.9816 51761598771.20919
159305820662.1805 51761598801.86153
159305820388.65494 51761598807.27623
159305820653.65097 51761598864.369545
159305820572.71024 51761598826.379486
159305820461.5953 51761598870.8366
159305820508.09775 51761598912.29324
159305820534.3804 51761598883.449646
159305820528.4407 51761598893.97201
159305820517.3949 51761598970.66285
159305820536.3226 51761598972.31881
159305820407.34778 51761598948.252525
159305820439.10635 51761598996.65097
159305820374.07504 51761598961.40266
159305820506.13248 51761598951.0755
159305820467.51056 51761599016.20095
159305820499.13306 51761599037.01096
159305820392.32144 51761599069.059425
159305820480.59146 51761599042.41553
159305820489.3897 51761599121.36
159305820451.54883 51761599096.67315
159305820460.42743 51761599098.45374
159305820616.12732 51761599128.88022
159305820590.05194 51761599128.60656
