159305820531.93637 51761598669.25996
159305820602.8561 51761598619.38997
159305820631.34647 51761598640.66524
159305820557.38947 51761598699.593765
159305820606.73248 51761598707.111725
159305820625.43622 51761598722.80157
159305820362.46835 51761598773.52451
159305820570.47034 51761598777.42148
159305820634.35144 51761598793.048546
159305820405.9027 51761598754.19208
159305820707.96375 51761598820.366104
159305820390.599 51761598779.956314
159305820607.1504 51761598835.790276
159305820603.37738 51761598844.49456
159305820508.40128 51761598896.234825
159305820369.42868 51761598848.93911
159305820569.60724 51761598942.10503
159305820328.57996 51761598948.42423
159305820582.5456 51761598966.32484
159305820388.89612 51761598949.20461
159305820332.11676 51761598976.84062
159305820397.75012 51761598987.950966
159305820492.53873 51761599025.75531
159305820360.66568 51761598972.82703
159305820521.85196 51761599046.38864
159305820555.57004 51761599073.5781
159305820538.37326 51761599075.08504
159305820465.06058 51761599075.96986
159305820543.7933 51761599149.35835
159305820501.4164 51761599080.010284
159305820389.6598 51761599102.03533
