159305820681.867 51761598665.4444
159305820702.08984 51761598675.244225
159305820676.5249 51761598732.81689
159305820467.54202 51761598657.98163
159305820441.7159 51761598677.806175
159305820746.14398 51761598705.48516
159305820612.30847 51761598753.08729
159305820708.5144 51761598808.64837
159305820660.1511 51761598791.40285
159305820358.4972 51761598787.5698
159305820715.33875 51761598845.38294
159305820506.88074 51761598828.59827
159305820380.91287 51761598763.395485
159305820624.095 51761598834.64063
159305820553.5818 51761598809.60582
159305820362.4837 51761598801.935936
159305820565.637 51761598867.00519
159305820556.97018 51761598874.2775
159305820551.07855 51761598951.33791
159305820436.81894 51761598940.87923
159305820519.9726 51761598939.544655
159305820538.4645 51761598946.18159
159305820461.1887 51761598972.12208
159305820511.06863 51761598922.67855
159305820390.72348 51761598974.369026
159305820546.98547 51761599015.021545
159305820455.38217 51761599002.70141
159305820470.97266 51761599008.08068
159305820557.96545 51761598973.54231
159305820422.9931 51761598988.12894
159305820552.5365 51761599001.17429
159305820437.07913 51761599070.56061
159305820549.56375 51761599038.9771
159305820572.3078 51761599110.79391
159305820512.00967 51761599123.00244
159305820528.07343 51761599134.44604
159305820578.00504 51761599147.95916
159305820497.85162 51761599115.36587
159305820512.74792 51761599223.72392
