159305820569.64124 51761598712.77766
159305820566.24203 51761598747.657616
159305820566.96457 51761598773.82015
159305820432.11493 51761598775.28578
159305820652.97903 51761598755.37905
159305820624.6873 51761598768.964966
159305820527.47623 51761598831.57308
159305820543.45282 51761598844.01287
159305820483.39243 51761598814.65791
159305820597.2328 51761598862.15789
159305820656.2061 51761598860.14968
159305820518.73596 51761598815.55181
159305820385.08356 51761598940.323235
159305820427.24796 51761598986.17258
159305820448.89914 51761598998.35754
159305820425.6861 51761599032.43718
159305820402.93573 51761599051.527
159305820502.5076 51761599070.47891
159305820609.7756 51761599111.06757
159305820378.56207 51761599167.42835
159305820413.4725 51761599139.775566
159305820402.9876 51761599144.88118
159305820440.30856 51761599156.94383
159305820377.4991 51761599154.47583
159305820604.073 51761599164.77493
159305820474.8539 51761599226.53684
159305820420.16068 51761599169.2346
159305820554.94897 51761599189.95157
159305820290.72604 51761599227.33139
159305820494.24268 51761599257.34392
159305820458.99744 51761599194.98149
159305820298.8952 51761599260.16833
