159305820569.64124 51761598712.77766
159305820566.24203 51761598747.657616
159305820566.96457 51761598773.82015
159305820432.11493 51761598775.28578
159305820652.97903 51761598755.37905
159305820624.6873 51761598768.964966
159305820527.47623 51761598831.57308
159305820543.45282 51761598844.01287
159305820483.39243 51761598814.65791
159305820597.2328 51761598862.15789
159305820656.2061 51761598860.14968
159305820518.73596 51761598815.55181
159305820385.08356 51761598940.323235
159305820427.24796 51761598986.17258
159305820448.89914 51761598998.35754
159305820425.6861 51761599032.43718
159305820402.93573 51761599051.527
159305820502.5076 51761599070.47891
159305820609.7756 51761599111.06757
159305820378.56207 51761599167.42835
159305820413.4725 51761599139.775566
159305820402.9876 51761599144.88118
159305820440.30856 51761599156.94383
159305820377.4991 51761599154.47583
159305820604.073 51761599164.77493
159305820474.8539 51761599226.53684
159305820420.16068 51761599169.2346
159305820554.94897 51761599189.95157
159305820290.72604 51761599227.33139
159305820494.24268 51761599257.34392
159305820458.99744 51761599194.98149
159305820298.8952 51761599260.16833
159305820677.10382 51761598551.530045
159305820673.70462 51761598586.41
159305820674.42715 51761598612.57253
159305820539.5775 51761598614.03817
159305820760.44162 51761598594.13144
159305820732.14987 51761598607.71735
159305820634.9388 51761598670.32547
159305820650.9154 51761598682.76526
159305820590.855 51761598653.41029
159305820704.69537 51761598700.91028
159305820763.66867 51761598698.90207
159305820626.19855 51761598654.3042
159305820492.54614 51761598779.07562
159305820534.71054 51761598824.924965
159305820556.36172 51761598837.10992
159305820533.14865 51761598871.18957
159305820510.39832 51761598890.27938
159305820609.97018 51761598909.23129
159305820717.2382 51761598949.819954
159305820486.02466 51761599006.18074
159305820520.93506 51761598978.527954
159305820510.4502 51761598983.63357
159305820547.77115 51761598995.69622
159305820484.9617 51761598993.22822
159305820711.53558 51761599003.52731
159305820582.3165 51761599065.28923
159305820527.62326 51761599007.986984
159305820662.41156 51761599028.70396
159305820398.18863 51761599066.08377
159305820601.70526 51761599096.0963
159305820566.46002 51761599033.73387
159305820406.3578 51761599098.920715
