159305820532.9091 51761598795.826355
159305820563.4548 51761598745.95927
159305820669.56696 51761598822.93272
159305820535.29974 51761598810.42648
159305820591.89813 51761598786.14285
159305820573.7626 51761598786.99396
159305820563.7135 51761598787.1186
159305820531.83133 51761598761.18543
159305820521.19388 51761598805.0244
159305820381.60406 51761598874.95521
159305820708.5911 51761598923.47837
159305820747.8663 51761598944.98326
159305820420.16507 51761598876.142715
159305820519.6641 51761598964.249016
159305820392.2969 51761598907.83444
159305820525.62906 51761598987.85874
159305820494.46738 51761598967.71929
159305820604.53152 51761599051.425804
159305820709.4778 51761599034.64193
159305820680.57596 51761599055.2012
159305820533.27948 51761599088.7289
159305820467.26917 51761599085.9652
