159305820619.4279 51761598648.607285
159305820546.3194 51761598691.820145
159305820548.05814 51761598724.70663
159305820554.845 51761598750.3959
159305820408.33612 51761598758.451096
159305820628.84778 51761598729.593025
159305820601.55222 51761598743.26609
159305820486.69073 51761598825.00187
159305820463.12033 51761598796.544876
159305820575.492 51761598789.66581
159305820633.20312 51761598835.45641
159305820488.2726 51761598864.289246
159305820546.94662 51761598879.20782
159305820572.37122 51761598870.07157
159305820584.32556 51761598871.11744
159305820546.994 51761598847.66915
159305820520.82166 51761598889.675995
159305820389.7349 51761598977.49867
159305820679.30542 51761599040.6216
159305820429.4646 51761598978.65785
159305820529.72372 51761599059.86755
159305820533.9578 51761599080.31438
159305820407.2063 51761599019.65047
159305820379.30066 51761599040.29689
159305820503.00626 51761599064.66391
159305820576.54077 51761599165.13777
159305820723.72028 51761599154.62001
159305820352.88144 51761599156.410545
159305820432.6876 51761599175.80323
159305820574.7358 51761599220.18995
159305820445.2014 51761599215.66775
159305820539.09695 51761599167.0866
159305820484.6549 51761599212.57895
159305820504.40448 51761599216.31445
159305820462.5606 51761599198.2765
