159305820613.3849 51761598686.27992
159305820398.32394 51761598735.111595
159305820588.90363 51761598702.20685
159305820508.75537 51761598773.59369
159305820524.2587 51761598779.969154
159305820629.90833 51761598787.78333
159305820563.28064 51761598752.95455
159305820456.90112 51761598766.78885
159305820520.88794 51761598819.818565
159305820527.864 51761598852.50232
159305820531.8863 51761598863.89624
159305820583.45145 51761598835.96029
159305820570.3266 51761598836.81965
159305820540.68723 51761598815.142296
159305820525.1643 51761598860.29981
159305820368.7524 51761598905.589615
159305820416.76935 51761598941.91279
159305820435.58008 51761598948.45242
159305820420.24918 51761598995.5514
159305820390.17682 51761599018.01591
159305820499.94632 51761599019.43079
159305820628.73862 51761599072.2021
159305820377.68024 51761599130.968735
159305820406.61075 51761599095.30277
159305820448.7608 51761599143.50164
159305820397.8568 51761599103.57128
159305820557.4327 51761599133.47252
159305820484.6305 51761599177.1361
159305820380.80856 51761599120.86233
159305820511.34125 51761599204.56849
159305820463.21573 51761599147.94433
159305820710.1508 51761598521.085014
159305820495.08984 51761598569.91669
159305820685.66953 51761598537.01193
159305820605.52127 51761598608.39878
159305820621.0246 51761598614.77425
159305820726.67422 51761598622.588425
159305820660.04657 51761598587.759636
159305820553.66702 51761598601.59393
159305820617.65384 51761598654.62365
159305820624.62994 51761598687.30741
159305820628.6522 51761598698.70133
159305820680.21735 51761598670.76537
159305820667.09253 51761598671.62474
159305820637.45312 51761598649.94738
159305820621.9302 51761598695.104904
159305820465.5183 51761598740.3947
159305820513.53525 51761598776.71787
159305820532.34598 51761598783.257515
159305820517.01508 51761598830.35649
159305820486.94272 51761598852.821
159305820596.71222 51761598854.235886
159305820725.50452 51761598907.007195
159305820474.44614 51761598965.77382
159305820503.37668 51761598930.107864
159305820545.5267 51761598978.30673
159305820494.6227 51761598938.376366
159305820654.1986 51761598968.2776
159305820581.39642 51761599011.94119
159305820477.57446 51761598955.66742
159305820608.10715 51761599039.37357
159305820559.98163 51761598982.74942
