159305820494.9262 51761598700.84827
159305820612.24512 51761598787.07662
159305820693.89148 51761598790.46284
159305820640.5891 51761598755.29
159305820622.47113 51761598778.80038
159305820491.65417 51761598837.07447
159305820517.11435 51761598876.14971
159305820521.22375 51761598886.54743
159305820586.29312 51761598899.90727
159305820534.2288 51761598895.86625
159305820510.20874 51761598930.23805
159305820548.8823 51761598876.51626
159305820564.0175 51761598945.748375
159305820529.9201 51761598885.465065
159305820543.69214 51761598957.16805
159305820523.07138 51761598894.904076
159305820603.0055 51761598921.86653
159305820367.01746 51761598879.28704
159305820539.75677 51761598976.08497
159305820548.83255 51761598945.46173
159305820532.71912 51761598946.05962
159305820583.8203 51761598958.81522
159305820568.79025 51761598958.50408
159305820498.83386 51761598944.95656
159305820384.5201 51761598980.44705
159305820338.12256 51761598994.45654
159305820472.89447 51761599031.135185
159305820461.13974 51761599062.22902
159305820409.6627 51761599101.99365
159305820533.1443 51761599136.37879
159305820516.12183 51761599135.89334
159305820566.69955 51761599147.940186
159305820516.46426 51761599173.50348
159305820534.30862 51761599176.068474
159305820567.7571 51761599206.671936
