159305820593.54965 51761598678.01874
159305820526.5438 51761598713.58365
159305820527.11826 51761598747.193596
159305820532.99606 51761598771.799515
159305820611.83807 51761598749.830475
159305820390.98517 51761598794.14938
159305820583.45917 51761598764.412575
159305820491.7114 51761598838.875916
159305820499.9799 51761598847.629875
159305820622.7743 51761598838.77704
159305820446.1564 51761598821.1356
159305820579.00937 51761598848.47669
159305820557.6535 51761598851.627396
159305820473.9281 51761598893.172386
159305820539.74963 51761598901.83545
159305820556.9839 51761598911.37381
159305820536.88614 51761598874.47398
159305820513.71603 51761598914.744
159305820521.48975 51761599079.50331
159305820519.80118 51761599111.004074
159305820519.44037 51761599138.075645
