159305820527.95035 51761598628.91641
159305820614.96655 51761598659.974045
159305820422.54572 51761598649.36678
159305820693.7855 51761598677.007095
159305820582.08014 51761598699.63151
159305820405.56955 51761598756.624825
159305820663.66592 51761598769.11284
159305820652.62064 51761598769.150314
159305820447.4472 51761598771.330666
159305820561.3434 51761598811.48102
159305820633.23688 51761598757.21725
159305820504.29733 51761598822.67043
159305820629.42285 51761598804.8058
159305820603.3475 51761598804.53214
159305820361.07693 51761598773.46644
159305820659.74524 51761598861.95169
159305820535.2457 51761598799.97756
159305820514.7888 51761598841.29022
159305820489.62247 51761598842.09991
159305820522.10867 51761598823.92371
159305820500.0763 51761598934.23671
159305820555.93973 51761598910.22954
159305820501.93185 51761598947.44871
159305820495.23257 51761598953.98519
159305820538.47122 51761598933.36896
159305820521.1873 51761598935.87209
159305820348.8575 51761598966.12426
159305820560.774 51761598988.28864
159305820356.1673 51761598985.83636
159305820340.31238 51761598931.41975
159305820486.75522 51761598937.23634
159305820385.2403 51761599040.34609
159305820388.35352 51761599050.65666
159305820537.42883 51761598997.14734
159305820385.61884 51761599011.96389
159305820604.8515 51761599080.75622
159305820338.77127 51761599039.96967
159305820455.4541 51761599072.425255
159305820670.63834 51761599040.611664
159305820497.80502 51761599093.19542
159305820655.31506 51761599107.62987
159305820670.73126 51761599115.00153
159305820529.0891 51761599138.33297
159305820583.4406 51761599150.21177
159305820655.56506 51761599170.50842
159305820548.8265 51761599165.155266
159305820600.62518 51761599171.791626
