159305820644.88446 51761598644.14019
159305820698.12103 51761598689.20798
159305820770.18375 51761598671.81509
159305820713.05176 51761598713.602104
159305820550.29175 51761598660.470566
159305820637.7756 51761598691.07415
159305820515.2744 51761598697.617004
159305820576.3247 51761598772.89536
159305820586.1995 51761598774.763115
159305820478.42667 51761598805.089005
159305820557.5132 51761598757.17919
159305820424.271 51761598817.078964
159305820476.07346 51761598831.98627
159305820527.96674 51761598760.29231
159305820717.74158 51761598815.562744
159305820531.8505 51761598857.69395
159305820586.21454 51761598818.8455
159305820454.48007 51761598795.58338
159305820545.13748 51761598877.928986
159305820423.8956 51761598865.339676
159305820404.80893 51761598837.600815
159305820597.3026 51761598892.32761
159305820441.4288 51761598882.93475
159305820433.4224 51761598923.439476
159305820436.44846 51761598934.74624
159305820516.6045 51761598916.23586
159305820425.73102 51761598939.32584
159305820429.66614 51761598951.71596
159305820408.74936 51761598958.87054
159305820439.62607 51761598950.082115
159305820456.4742 51761598952.55995
159305820488.71588 51761598973.448296
159305820586.13086 51761598958.568344
159305820408.60797 51761598935.842514
159305820561.002 51761598970.42333
159305820533.54135 51761599052.338394
159305820742.0339 51761599075.45203
159305820459.56708 51761599002.19346
159305820525.20764 51761599081.87775
159305820621.5358 51761599088.50918
159305820608.7295 51761599114.039734
159305820378.8036 51761599075.875824
159305820777.07236 51761599061.01015
159305820596.1604 51761599102.99952
159305820673.3416 51761599125.68149
159305820612.01703 51761599122.35792
159305820608.58798 51761599110.10972
159305820562.58716 51761599119.62319
159305820633.37335 51761599124.30872
159305820784.63495 51761599104.77928
159305820418.25308 51761599095.38832
159305820774.49872 51761599105.90011
159305820573.40845 51761599133.61959
159305820742.2731 51761599084.73337
159305820620.16956 51761599078.349915
159305820712.1792 51761599110.765785
159305820685.31943 51761599119.45788
159305820451.4866 51761599145.835594
159305820500.61963 51761599156.01553
159305820597.10538 51761599173.984695
159305820606.24527 51761599138.344986
159305820471.65976 51761599167.67692
159305820517.8042 51761599177.59538
159305820658.25977 51761599202.71452
159305820735.18332 51761599199.40683
159305820726.77795 51761599203.69056
159305820532.07645 51761598510.800934
159305820585.31305 51761598555.86872
159305820657.37576 51761598538.47583
159305820600.24377 51761598580.26285
159305820437.48376 51761598527.1313
159305820524.96762 51761598557.734886
159305820402.46643 51761598564.27774
159305820463.5167 51761598639.55611
159305820473.3915 51761598641.42386
159305820365.61868 51761598671.74975
159305820444.70523 51761598623.83993
159305820311.46298 51761598683.7397
159305820363.26547 51761598698.647
159305820415.15872 51761598626.95306
159305820604.9336 51761598682.22349
159305820419.0425 51761598724.35469
159305820473.40652 51761598685.50624
159305820341.6721 51761598662.24412
159305820432.32947 51761598744.58972
159305820311.08762 51761598732.00042
159305820292.00095 51761598704.26155
159305820484.49463 51761598758.98835
159305820328.62082 51761598749.5955
159305820320.6144 51761598790.10021
159305820323.64047 51761598801.40698
159305820403.7965 51761598782.8966
159305820312.92303 51761598805.98658
159305820316.85812 51761598818.37669
159305820295.94138 51761598825.53128
159305820326.81808 51761598816.74285
159305820343.66623 51761598819.220695
159305820375.9079 51761598840.10903
159305820473.32288 51761598825.22909
159305820295.8 51761598802.50326
159305820448.19403 51761598837.084076
159305820420.73337 51761598918.99914
159305820629.22592 51761598942.11277
159305820346.7591 51761598868.8542
159305820412.39966 51761598948.53849
159305820508.7278 51761598955.169914
159305820495.9215 51761598980.70048
159305820265.9956 51761598942.53656
159305820664.26437 51761598927.67089
159305820483.35242 51761598969.66026
159305820560.53363 51761598992.34223
159305820499.20905 51761598989.018654
159305820495.78 51761598976.770454
159305820449.77917 51761598986.28393
159305820520.56537 51761598990.96947
159305820671.82697 51761598971.44002
159305820305.4451 51761598962.049065
159305820661.6907 51761598972.56085
159305820460.60046 51761599000.28033
159305820629.46512 51761598951.39411
159305820507.36157 51761598945.01065
159305820599.37122 51761598977.42652
159305820572.51144 51761598986.118614
159305820338.6786 51761599012.49634
159305820387.81165 51761599022.67627
159305820484.2974 51761599040.64544
159305820493.4373 51761599005.00573
159305820358.85178 51761599034.337654
159305820404.99622 51761599044.25613
159305820545.45178 51761599069.37526
159305820622.3753 51761599066.06757
159305820613.96997 51761599070.3513
