159305820499.2274 51761598677.557816
159305820574.71704 51761598677.77391
159305820667.12744 51761598702.80999
159305820540.5669 51761598720.41354
159305820540.6494 51761598782.81895
159305820613.43646 51761598756.53328
159305820532.45642 51761598739.1104
159305820411.09103 51761598791.5495
159305820606.84918 51761598762.98371
159305820595.11282 51761598785.38839
159305820529.97858 51761598755.95855
159305820463.1777 51761598847.13214
159305820722.6239 51761598826.87822
159305820566.85886 51761598860.48182
159305820564.2317 51761598827.04009
159305820576.16104 51761598880.36823
159305820632.37164 51761598871.876366
159305820492.96243 51761598824.881905
159305820464.70404 51761598893.82442
159305820446.0004 51761598866.46129
159305820470.01837 51761598846.45609
159305820479.07095 51761598939.036316
159305820486.17688 51761598951.34517
159305820491.6311 51761598957.845276
159305820538.42136 51761598898.89534
159305820472.19037 51761598974.00043
159305820470.7089 51761598974.82912
159305820319.48022 51761598985.02066
159305820511.2755 51761598960.28647
159305820494.07874 51761598961.7934
159305820537.28854 51761599006.27354
159305820320.93747 51761599014.258934
159305820475.98862 51761598992.613205
159305820455.62897 51761598995.85106
159305820430.94098 51761598988.968575
159305820359.4882 51761599065.56381
159305820513.16757 51761599022.2748
159305820361.2566 51761599079.772
159305820580.89047 51761599105.5416
159305820364.93292 51761599040.198616
159305820665.2571 51761599065.06905
159305820434.01736 51761599100.277306
159305820477.62595 51761599118.14604
159305820659.13654 51761599119.20321
159305820636.04974 51761599119.19102
159305820708.99658 51761599144.01689
159305820514.17822 51761599161.57496
159305820675.5992 51761599147.11792
159305820570.1257 51761599171.858215
159305820332.41507 51761599102.48633
159305820551.19586 51761599142.71436
159305820590.47318 51761599191.707146
159305820641.46298 51761599145.51061
