159305820635.84927 51761598632.46033
159305820482.63184 51761598565.984886
159305820652.82205 51761598644.98727
159305820475.12335 51761598594.43875
159305820561.529 51761598666.52751
159305820655.18393 51761598682.22289
159305820551.62076 51761598730.714386
159305820605.8072 51761598752.068886
159305820525.81992 51761598793.42652
159305820598.22375 51761598758.43216
159305820524.01498 51761598743.73864
159305820582.86273 51761598777.90142
159305820737.0739 51761598836.93471
159305820522.23438 51761598752.61723
159305820452.04495 51761598764.01763
159305820580.8558 51761598819.88975
159305820553.60992 51761598821.521324
159305820625.23734 51761598841.5185
159305820596.55948 51761598848.04389
159305820481.5913 51761598817.375595
159305820464.37433 51761598854.36947
159305820433.05652 51761598856.64861
159305820470.5338 51761598840.49987
159305820459.0889 51761598934.50587
159305820466.1869 51761598945.16506
159305820509.1846 51761598916.27995
159305820546.59076 51761598934.08914
159305820493.8059 51761598919.95359
159305820450.43463 51761598966.371414
159305820494.87076 51761598954.32635
159305820476.76495 51761598954.74993
159305820520.92447 51761598994.694756
159305820460.2645 51761598979.72269
159305820429.7541 51761598962.74062
159305820415.7577 51761598973.56193
159305820376.03735 51761599001.380875
159305820712.15497 51761599013.811104
159305820495.60965 51761599009.97061
159305820544.05508 51761599026.304756
159305820630.8236 51761599039.22626
159305820412.48123 51761599080.86215
159305820612.6131 51761599047.62565
159305820634.32712 51761599112.27626
159305820606.76056 51761599057.15182
159305820695.43524 51761599067.96586
159305820732.28 51761599116.723946
159305820456.7374 51761599102.80282
159305820678.5749 51761599088.57481
159305820643.6362 51761599091.06715
159305820495.0389 51761599142.56117
159305820550.94284 51761599147.34342
159305820573.1084 51761599169.359055
159305820624.43484 51761599115.48656
159305820518.11353 51761599165.66016
159305820505.4837 51761598527.69957
159305820352.26627 51761598461.22413
159305820522.45648 51761598540.22652
159305820344.75778 51761598489.678
159305820431.16342 51761598561.766754
159305820524.81836 51761598577.46214
159305820421.2552 51761598625.95363
159305820475.44162 51761598647.30813
159305820395.45435 51761598688.665764
159305820467.8582 51761598653.6714
159305820393.6494 51761598638.97788
159305820452.49716 51761598673.14067
159305820606.70834 51761598732.17395
159305820391.8688 51761598647.85648
159305820321.67935 51761598659.25688
159305820450.49023 51761598715.129
159305820423.24435 51761598716.76057
159305820494.87177 51761598736.757744
159305820466.1939 51761598743.28314
159305820351.2257 51761598712.614845
159305820334.00876 51761598749.60871
159305820302.69092 51761598751.88786
159305820340.1682 51761598735.73911
159305820328.72333 51761598829.74511
159305820335.82132 51761598840.404305
159305820378.819 51761598811.519196
159305820416.22516 51761598829.32839
159305820363.4403 51761598815.19283
159305820320.06903 51761598861.61066
159305820364.5052 51761598849.56559
159305820346.39935 51761598849.98918
159305820390.5589 51761598889.934006
159305820329.89893 51761598874.96194
159305820299.38852 51761598857.979866
159305820285.39212 51761598868.80118
159305820245.67178 51761598896.62012
159305820581.7894 51761598909.05035
159305820365.24408 51761598905.20986
159305820413.68948 51761598921.544
159305820500.45804 51761598934.46551
159305820282.11566 51761598976.101395
159305820482.2475 51761598942.86489
159305820503.96152 51761599007.5155
159305820476.395 51761598952.39106
159305820565.06967 51761598963.2051
159305820601.91443 51761599011.96319
159305820326.3718 51761598998.04206
159305820548.20932 51761598983.81405
159305820513.27063 51761598986.30639
159305820364.67334 51761599037.80042
159305820420.57727 51761599042.582664
159305820442.74283 51761599064.5983
159305820494.06927 51761599010.72581
159305820387.74792 51761599060.8994
