159305820449.8512 51761598638.23267
159305820476.2508 51761598680.69514
159305820647.2884 51761598711.79029
159305820674.64374 51761598759.22812
159305820682.30215 51761598774.955444
159305820531.47842 51761598690.814835
159305820376.61844 51761598733.57752
159305820678.49194 51761598747.385956
159305820449.72687 51761598793.48633
159305820703.98315 51761598745.722374
159305820650.32483 51761598771.020966
159305820692.57703 51761598772.83142
159305820542.9357 51761598778.15295
159305820459.93317 51761598845.79192
159305820533.0984 51761598787.33049
159305820514.82654 51761598793.18017
159305820478.58975 51761598877.542404
159305820513.5296 51761598886.14422
159305820711.79944 51761598836.51238
159305820575.3612 51761598828.72956
159305820625.42004 51761598876.769066
159305820491.61526 51761598900.76603
159305820561.5766 51761598848.603775
159305820689.90878 51761598864.047615
159305820409.13306 51761598921.86492
159305820685.26425 51761598882.713844
159305820438.71753 51761598949.17642
159305820677.8301 51761598908.51579
159305820449.7248 51761598943.40059
159305820436.36432 51761598976.07368
159305820647.96835 51761598930.68452
159305820420.36832 51761598928.49683
159305820565.33423 51761598956.363205
159305820503.6193 51761598932.85006
159305820737.3573 51761599017.68377
159305820499.70508 51761598996.08701
159305820635.2772 51761599019.34885
159305820513.21603 51761599002.28816
159305820652.8104 51761599036.943924
159305820575.11368 51761599012.12276
159305820530.11948 51761599000.14086
159305820493.549 51761599013.7485
159305820513.7446 51761599003.72734
159305820512.74414 51761599047.11503
159305820494.55118 51761599048.534805
159305820766.6953 51761599069.860695
159305820574.5743 51761599103.93291
159305820465.75458 51761599034.911224
159305820717.34662 51761599094.65402
159305820445.20233 51761599074.62214
159305820630.4737 51761599135.92902
159305820662.91232 51761599143.78614
