159305820632.28934 51761598658.67954
159305820505.48395 51761598706.88055
159305820419.6622 51761598735.50963
159305820578.77625 51761598743.24387
159305820665.978 51761598764.251884
159305820553.52768 51761598791.24224
159305820544.8146 51761598849.00658
159305820560.66656 51761598851.39726
159305820624.60123 51761598840.840256
159305820614.29068 51761598843.953476
159305820414.7232 51761598858.37267
159305820593.45743 51761598848.3405
159305820528.8857 51761598823.08444
159305820757.7518 51761598888.87811
159305820463.92834 51761598838.95509
159305820591.51825 51761598893.81486
159305820562.36713 51761598894.275925
159305820624.31952 51761598944.63222
159305820479.0315 51761598925.88364
159305820450.26648 51761598933.40522
159305820494.83057 51761599013.93555
159305820502.36435 51761599019.61376
159305820483.32327 51761599029.54853
159305820555.86935 51761599020.451836
159305820494.4932 51761599039.56015
159305820325.60992 51761599051.7519
159305820467.61 51761599049.6992
159305820492.10483 51761599041.7291
159305820508.04395 51761599043.1236
159305820532.07504 51761599082.89013
159305820328.36234 51761599089.13403
