159305820635.84927 51761598632.46033
159305820482.63184 51761598565.984886
159305820652.82205 51761598644.98727
159305820475.12335 51761598594.43875
159305820561.529 51761598666.52751
159305820655.18393 51761598682.22289
159305820551.62076 51761598730.714386
159305820605.8072 51761598752.068886
159305820525.81992 51761598793.42652
159305820598.22375 51761598758.43216
159305820524.01498 51761598743.73864
159305820582.86273 51761598777.90142
159305820737.0739 51761598836.93471
159305820522.23438 51761598752.61723
159305820452.04495 51761598764.01763
159305820580.8558 51761598819.88975
159305820553.60992 51761598821.521324
159305820625.23734 51761598841.5185
159305820596.55948 51761598848.04389
159305820481.5913 51761598817.375595
159305820464.37433 51761598854.36947
159305820433.05652 51761598856.64861
159305820470.5338 51761598840.49987
159305820459.0889 51761598934.50587
159305820466.1869 51761598945.16506
159305820509.1846 51761598916.27995
159305820546.59076 51761598934.08914
159305820493.8059 51761598919.95359
159305820450.43463 51761598966.371414
159305820494.87076 51761598954.32635
159305820476.76495 51761598954.74993
159305820520.92447 51761598994.694756
159305820460.2645 51761598979.72269
159305820429.7541 51761598962.74062
159305820415.7577 51761598973.56193
159305820376.03735 51761599001.380875
159305820712.15497 51761599013.811104
159305820495.60965 51761599009.97061
159305820544.05508 51761599026.304756
159305820630.8236 51761599039.22626
159305820412.48123 51761599080.86215
159305820612.6131 51761599047.62565
159305820634.32712 51761599112.27626
159305820606.76056 51761599057.15182
159305820695.43524 51761599067.96586
159305820732.28 51761599116.723946
159305820456.7374 51761599102.80282
159305820678.5749 51761599088.57481
159305820643.6362 51761599091.06715
159305820495.0389 51761599142.56117
159305820550.94284 51761599147.34342
159305820573.1084 51761599169.359055
159305820624.43484 51761599115.48656
159305820518.11353 51761599165.66016
