159305820608.5624 51761598664.26262
159305820535.58142 51761598675.70409
159305820682.15543 51761598722.736946
159305820468.7574 51761598732.09912
159305820670.9358 51761598724.766815
159305820581.3138 51761598772.84566
159305820651.9988 51761598721.323685
159305820523.30377 51761598712.77508
159305820623.2985 51761598725.12904
159305820622.77454 51761598763.37306
159305820674.35162 51761598823.06722
159305820553.25565 51761598761.74298
159305820521.79126 51761598827.33215
159305820500.2937 51761598801.786575
159305820539.03525 51761598786.598175
159305820534.04022 51761598874.378334
159305820545.21017 51761598884.38996
159305820533.3203 51761598839.47129
159305820510.7308 51761598916.16628
159305820369.28632 51761598920.2012
159305820554.96863 51761598897.224754
159305820522.72263 51761598928.25745
159305820570.98456 51761598952.33632
159305820380.05795 51761598946.23909
159305820501.3066 51761598899.10932
159305820477.7867 51761598932.92214
159305820404.2794 51761598992.552185
159305820409.385 51761599003.03706
159305820549.2349 51761598959.43349
159305820355.57843 51761598991.60909
159305820400.2843 51761598966.79945
159305820591.99356 51761598980.87032
159305820465.51093 51761599030.397736
159305820693.1814 51761599025.81194
159305820664.5732 51761599021.21486
159305820505.78232 51761599051.989784
159305820656.98975 51761599027.57813
159305820659.5048 51761599091.97827
159305820531.95947 51761599097.25759
159305820583.2837 51761599106.40115
159305820655.9927 51761599132.89345
159305820549.53015 51761599125.897964
159305820598.94916 51761599133.87102
