159305820644.88446 51761598644.14019
159305820698.12103 51761598689.20798
159305820770.18375 51761598671.81509
159305820713.05176 51761598713.602104
159305820550.29175 51761598660.470566
159305820637.7756 51761598691.07415
159305820515.2744 51761598697.617004
159305820576.3247 51761598772.89536
159305820586.1995 51761598774.763115
159305820478.42667 51761598805.089005
159305820557.5132 51761598757.17919
159305820424.271 51761598817.078964
159305820476.07346 51761598831.98627
159305820527.96674 51761598760.29231
159305820717.74158 51761598815.562744
159305820531.8505 51761598857.69395
159305820586.21454 51761598818.8455
159305820454.48007 51761598795.58338
159305820545.13748 51761598877.928986
159305820423.8956 51761598865.339676
159305820404.80893 51761598837.600815
159305820597.3026 51761598892.32761
159305820441.4288 51761598882.93475
159305820433.4224 51761598923.439476
159305820436.44846 51761598934.74624
159305820516.6045 51761598916.23586
159305820425.73102 51761598939.32584
159305820429.66614 51761598951.71596
159305820408.74936 51761598958.87054
159305820439.62607 51761598950.082115
159305820456.4742 51761598952.55995
159305820488.71588 51761598973.448296
159305820586.13086 51761598958.568344
159305820408.60797 51761598935.842514
159305820561.002 51761598970.42333
159305820533.54135 51761599052.338394
159305820742.0339 51761599075.45203
159305820459.56708 51761599002.19346
159305820525.20764 51761599081.87775
159305820621.5358 51761599088.50918
159305820608.7295 51761599114.039734
159305820378.8036 51761599075.875824
159305820777.07236 51761599061.01015
159305820596.1604 51761599102.99952
159305820673.3416 51761599125.68149
159305820612.01703 51761599122.35792
159305820608.58798 51761599110.10972
159305820562.58716 51761599119.62319
159305820633.37335 51761599124.30872
159305820784.63495 51761599104.77928
159305820418.25308 51761599095.38832
159305820774.49872 51761599105.90011
159305820573.40845 51761599133.61959
159305820742.2731 51761599084.73337
159305820620.16956 51761599078.349915
159305820712.1792 51761599110.765785
159305820685.31943 51761599119.45788
159305820451.4866 51761599145.835594
159305820500.61963 51761599156.01553
159305820597.10538 51761599173.984695
159305820606.24527 51761599138.344986
159305820471.65976 51761599167.67692
159305820517.8042 51761599177.59538
159305820658.25977 51761599202.71452
159305820735.18332 51761599199.40683
159305820726.77795 51761599203.69056
