159305820548.08453 51761598722.926636
159305820541.70908 51761598738.42997
159305820579.60614 51761598784.526474
159305820486.8783 51761598805.65032
159305820532.5454 51761598851.984215
159305820530.59015 51761598841.30399
159305820531.76102 51761598860.94997
159305820555.86456 51761598806.9851
159305820395.45792 51761598800.14256
159305820530.6028 51761598853.9014
159305820479.36646 51761598919.775
159305820517.85187 51761598884.90807
159305820352.92142 51761598884.75724
159305820415.52365 51761598994.295876
159305820341.49936 51761599119.474434
159305820438.79044 51761599068.43066
159305820597.57773 51761599130.19423
159305820617.4145 51761599132.93353
159305820664.97098 51761599120.02122
159305820655.65662 51761599123.221596
159305820418.39453 51761599112.58556
159305820383.82666 51761599117.59182
159305820434.96777 51761599089.17644
159305820497.85892 51761599136.59159
159305820506.63123 51761599184.800125
159305820551.95917 51761599210.14395
159305820436.0624 51761599180.02213
159305820520.04285 51761599215.08426
159305820468.80002 51761599195.93596
159305820339.32935 51761599152.83347
159305820552.64154 51761599260.99558
159305820520.63123 51761599302.10876
159305820450.7516 51761599306.38288
159305820546.44037 51761599274.50653
159305820481.54648 51761599310.0809
