159305820472.01675 51761598667.145485
159305820550.29736 51761598640.66135
159305820471.7056 51761598682.17556
159305820485.40424 51761598753.71383
159305820566.99368 51761598724.021576
159305820428.43195 51761598722.66978
159305820390.8258 51761598739.45607
159305820629.96484 51761598741.82219
159305820530.59555 51761598749.94792
159305820632.3885 51761598834.37616
159305820652.95993 51761598840.19121
159305820519.0439 51761598834.99042
159305820535.71777 51761598839.46065
159305820590.0586 51761598827.34257
159305820488.5272 51761598802.488594
159305820459.7589 51761598859.83624
159305820521.25293 51761598841.26158
159305820517.31683 51761598881.43376
159305820415.30267 51761598913.13083
159305820516.6084 51761598859.92781
159305820426.59723 51761598933.19155
159305820377.84616 51761598884.15524
159305820374.89505 51761598894.93908
159305820512.97272 51761598918.12226
159305820535.22562 51761599008.5338
159305820488.3173 51761599005.43367
159305820486.19333 51761599113.1785
159305820465.7465 51761599117.41255
159305820695.59097 51761599119.6886
159305820676.83334 51761599169.325005
159305820663.79565 51761599169.18817
159305820648.44867 51761599158.97571
159305820509.04666 51761599219.40736
159305820539.96353 51761599171.92792
159305820555.58188 51761599222.133995
159305820529.13 51761599181.01831
159305820581.54105 51761599242.29034
159305820612.9958 51761599256.477974
159305820471.88254 51761599199.98094
159305820602.3618 51761599268.20359
159305820615.71072 51761599282.81482
