159305820383.38687 51761598648.2606
159305820572.2676 51761598614.07006
159305820569.61545 51761598632.91061
159305820628.76886 51761598701.16872
159305820777.80432 51761598719.7909
159305820419.27493 51761598736.60498
159305820447.08124 51761598740.041534
159305820494.16858 51761598742.77135
159305820384.93155 51761598731.08188
159305820626.3092 51761598774.67576
159305820586.79785 51761598790.29154
159305820518.0641 51761598885.66244
159305820520.48007 51761598903.942566
159305820472.14948 51761598847.07673
159305820561.3086 51761598912.49545
159305820441.34238 51761598866.4655
159305820512.16504 51761598926.779594
159305820554.42368 51761598882.020164
159305820389.8652 51761598891.78738
159305820540.1658 51761598895.83006
159305820515.53384 51761598942.14657
159305820449.23395 51761599002.15551
159305820293.20007 51761599020.645515
159305820491.47614 51761598976.179306
159305820300.72165 51761599049.41052
159305820380.2312 51761599064.990585
159305820331.43076 51761599117.93883
159305820406.48917 51761599210.47848
159305820661.33142 51761599196.607155
159305820561.11386 51761599210.365105
159305820589.74203 51761599215.8812
159305820630.57404 51761599203.95443
