159305820570.71283 51761598606.90103
159305820728.35107 51761598698.93217
159305820443.77884 51761598689.331955
159305820402.62924 51761598689.15904
159305820370.5767 51761598688.36245
159305820567.3814 51761598738.82452
159305820530.29822 51761598749.63363
159305820478.81625 51761598770.11364
159305820514.3076 51761598823.553444
159305820471.18314 51761598788.5184
159305820613.08917 51761598833.24758
159305820429.6491 51761598827.62581
159305820405.47894 51761598828.52265
159305820565.04782 51761598843.097984
159305820457.0675 51761598894.65849
159305820482.18848 51761598858.00111
159305820497.51978 51761598876.57258
159305820506.48553 51761598877.35698
159305820478.66052 51761598844.79201
159305820469.43158 51761598900.81051
159305820555.1269 51761598951.05201
159305820410.71796 51761598967.52046
159305820452.90768 51761598940.52147
159305820469.53674 51761599045.3709
159305820469.87317 51761599064.472916
159305820384.18732 51761599175.571304
159305820401.65573 51761599187.38031
159305820538.29443 51761599192.17779
159305820367.81042 51761599129.965645
159305820555.61584 51761599200.719955
159305820518.59995 51761599171.67466
159305820415.7271 51761599198.64959
159305820430.37354 51761599231.479065
159305820441.61844 51761599263.581276
