159305820470.99805 51761598698.296
159305820427.55157 51761598701.52166
159305820603.98154 51761598731.56573
159305820564.47015 51761598747.1815
159305820516.70517 51761598838.160835
159305820523.80316 51761598848.82003
159305820526.5342 51761598809.16184
159305820451.55945 51761598855.50281
159305820495.1834 51761598889.36653
159305820529.85733 51761598840.287674
159305820519.58426 51761598854.4462
159305820360.96744 51761598919.02972
159305820495.04803 51761598904.41492
159305820442.4079 51761598972.18158
159305820480.04324 51761598938.23586
159305820501.79507 51761599050.54331
159305820506.4649 51761599066.00917
159305820386.55347 51761599050.81641
159305820642.91486 51761599173.82826
159305820640.91028 51761599196.74074
159305820660.34103 51761599160.44543
159305820306.57495 51761599174.51693
159305820401.38678 51761599119.39843
159305820558.9214 51761599183.43269
159305820627.48404 51761599168.6295
159305820576.59143 51761599187.99008
159305820616.09012 51761599172.651764
159305820379.10938 51761599163.88536
159305820397.65128 51761599139.14801
159305820607.41086 51761599232.375114
159305820459.0662 51761599188.54903
159305820348.352 51761599171.232635
159305820467.54532 51761599236.19958
159305820558.53754 51761599220.03684
159305820398.21164 51761599233.872025
159305820479.87357 51761599267.39275
159305820425.96826 51761599249.35007
