159305820484.71704 51761598657.43706
159305820692.49646 51761598671.25558
159305820402.98575 51761598749.01568
159305820417.60532 51761598788.43988
159305820677.2555 51761598742.19719
159305820539.77 51761598789.67392
159305820641.14627 51761598806.11567
159305820507.85532 51761598885.2973
159305820723.57828 51761598883.674194
159305820376.09558 51761598812.457886
159305820604.05087 51761598840.01158
159305820521.0733 51761598830.43389
159305820516.26498 51761598885.984634
159305820518.1222 51761598841.21772
159305820537.064 51761598917.12642
159305820516.29407 51761598966.00605
159305820620.9362 51761598982.91166
159305820646.3518 51761599002.20017
159305820399.92828 51761599011.03152
159305820738.65198 51761599043.560295
159305820601.16824 51761598980.00897
159305820498.22598 51761598969.47533
159305820669.08273 51761599047.660774
159305820567.19827 51761599001.12866
159305820778.97162 51761599031.0968
159305820752.0247 51761599040.78509
159305820436.97305 51761599062.957855
159305820714.6088 51761599054.12328
159305820631.19302 51761599116.53847
159305820470.0471 51761599097.973694
159305820624.97238 51761599081.268486
159305820633.34753 51761599137.807175
159305820371.22736 51761599123.959366
159305820590.29776 51761599085.76098
159305820568.7179 51761599102.945564
159305820368.1769 51761599158.82619
159305820505.9524 51761599107.14669
159305820460.2096 51761599103.64119
159305820448.85315 51761599118.70875
159305820489.1792 51761599126.759445
159305820783.44742 51761599234.0386
159305820725.26297 51761599284.99585
159305820647.89734 51761599212.78709
159305820491.0435 51761599277.40438
159305820712.05905 51761599251.8532
159305820551.80637 51761599217.97226
159305820619.12854 51761599219.69379
159305820735.38702 51761599306.96181
159305820617.17365 51761599230.56477
159305820499.26233 51761599298.19983
159305820528.37827 51761599317.14197
159305820534.3929 51761599328.710205
159305820666.48962 51761599334.68433
