159305820450.18152 51761598771.15042
159305820718.71854 51761598747.80624
159305820514.44955 51761598842.87289
159305820671.87976 51761598803.375916
159305820567.715 51761598789.91544
159305820522.71808 51761598851.62685
159305820754.7169 51761598876.44678
159305820529.22235 51761598885.10218
159305820625.38284 51761598841.4684
159305820532.07413 51761598898.40134
159305820537.78854 51761598882.19102
159305820547.14346 51761598908.495705
159305820554.41577 51761598917.162506
159305820550.38925 51761598956.35903
159305820646.8895 51761598974.98159
159305820681.1837 51761598996.050705
159305820759.1948 51761599042.386696
159305820625.1517 51761598977.58557
159305820710.81818 51761599032.51224
159305820520.84778 51761598967.96378
159305820763.21704 51761599053.78061
159305820592.17792 51761598998.79241
159305820775.0867 51761599055.74618
159305820741.86368 51761599056.85481
159305820457.6863 51761599060.118004
159305820694.51672 51761599066.815285
159305820496.08994 51761599091.58484
159305820651.97256 51761599082.00447
159305820611.17084 51761599079.4497
159305820592.4924 51761599097.89195
159305820456.08957 51761599171.68446
159305820530.08002 51761599110.71688
159305820456.25168 51761599192.77886
159305820513.21967 51761599131.32583
159305820673.1252 51761599327.21583
