159305820505.4154 51761598659.57529
159305820406.82938 51761598739.01452
159305820415.8579 51761598784.9763
159305820705.71353 51761598754.3384
159305820653.08594 51761598802.70933
159305820506.44977 51761598853.27442
159305820555.24023 51761598801.6961
159305820734.99234 51761598884.82024
159305820515.4918 51761598888.266525
159305820509.917 51761598902.32517
159305820608.2328 51761598844.9609
159305820510.21594 51761598910.38188
159305820525.91367 51761598873.85606
159305820509.37973 51761598920.370834
159305820533.15924 51761598926.68232
159305820534.8678 51761598964.26564
159305820628.03146 51761598979.04117
159305820664.14377 51761599002.27698
159305820748.15015 51761599043.61662
159305820408.88025 51761599017.62202
159305820696.19913 51761599036.37161
159305820610.53525 51761598988.72745
159305820507.80984 51761598977.67919
159305820575.7434 51761599007.76759
159305820790.08072 51761599034.40596
159305820761.9633 51761599045.99948
159305820726.45795 51761599061.07701
159305820446.959 51761599069.36553
159305820679.07507 51761599069.688255
159305820479.21115 51761599102.30182
159305820636.7977 51761599090.79281
159305820600.17007 51761599091.87063
159305820578.50308 51761599110.05141
159305820505.4932 51761599103.42498
159305820460.43124 51761599103.93904
159305820453.70715 51761599123.427155
159305820491.92038 51761599132.35211
159305820713.16013 51761599277.34445
159305820712.28857 51761599287.3064
159305820667.3826 51761599246.049255
159305820711.48257 51761599278.85643
159305820498.03122 51761599289.20732
159305820644.5076 51761599255.08997
159305820508.15527 51761599311.17328
