159305820389.6276 51761598730.06416
159305820367.56577 51761598734.16472
159305820385.7056 51761598774.89293
159305820686.52692 51761598743.93659
159305820626.05838 51761598786.98385
159305820528.12033 51761598774.22123
159305820497.27893 51761598868.56389
159305820684.22516 51761598891.16603
159305820588.78867 51761598822.87215
159305820360.66342 51761598800.85236
159305820512.59763 51761598814.01321
159305820510.6943 51761598863.67172
159305820508.7375 51761598823.713684
159305820520.8563 51761598899.169136
159305820508.362 51761598944.81558
159305820603.24222 51761598964.59128
159305820629.56686 51761598984.96315
159305820721.60974 51761599028.5526
159305820584.89474 51761598964.20712
159305820382.7603 51761599004.372505
159305820652.53485 51761599030.476265
159305820480.6502 51761598954.93269
159305820551.01193 51761598984.33061
159305820762.74127 51761599019.05688
159305820735.96866 51761599026.75278
159305820697.98465 51761599037.61156
159305820421.1984 51761599051.216446
159305820614.74316 51761599098.03435
159305820454.7082 51761599081.251305
159305820609.17737 51761599061.89468
159305820616.89767 51761599119.30306
159305820574.19406 51761599067.51398
159305820552.52704 51761599085.69476
159305820490.63052 51761599091.20438
159305820445.5068 51761599093.694405
159305820473.77017 51761599111.813324
159305820433.06702 51761599109.671
159305820633.82867 51761599194.82364
159305820717.37128 51761599263.84282
159305820709.12192 51761599281.53381
159305820701.6676 51761599232.848175
159305820525.1509 51761599199.24986
159305820618.05167 51761599214.523544
159305820711.1518 51761599292.753426
159305820490.89105 51761599206.8106
159305820484.2166 51761599214.25722
159305820495.3308 51761599281.305954
159305820529.31305 51761599295.56909
159305820660.75925 51761599322.094955
159305820540.483 51761599305.58072
159305820595.45132 51761599291.83795
159305820613.29565 51761599294.40295
159305820522.0069 51761599337.35164
