159305820356.48013 51761598614.21433
159305820407.74512 51761598654.86903
159305820613.64648 51761598714.756165
159305820494.94992 51761598652.54855
159305820551.9811 51761598696.30852
159305820458.42715 51761598668.425804
159305820351.06702 51761598673.73507
159305820630.1966 51761598789.48296
159305820338.01715 51761598696.68503
159305820415.65637 51761598701.83875
159305820311.80548 51761598736.931595
159305820721.0925 51761598823.57603
159305820385.41522 51761598799.75341
159305820612.1749 51761598792.15033
159305820320.3087 51761598813.889084
159305820345.21353 51761598816.06798
159305820519.09937 51761598865.411125
159305820404.71625 51761598862.95796
159305820482.32336 51761598870.7692
159305820530.68277 51761598890.179405
159305820498.53888 51761598831.66091
159305820609.41187 51761598883.46721
159305820557.07785 51761598849.97689
159305820552.57996 51761598891.43816
159305820539.54227 51761598891.30133
159305820492.81097 51761598851.23618
159305820316.34534 51761598915.24153
159305820569.59854 51761598899.11725
159305820556.38654 51761598900.97281
159305820542.19833 51761598906.80492
159305820480.91272 51761598948.83404
159305820546.46033 51761598941.099686
159305820554.08127 51761598945.78171
159305820535.82742 51761598911.57111
159305820656.59396 51761598966.457
159305820372.4061 51761598898.57229
159305820697.00217 51761598975.01136
159305820549.52023 51761598991.84423
159305820301.94257 51761598902.54541
159305820740.0748 51761598990.70035
159305820366.79065 51761598951.28345
159305820636.5395 51761598989.84546
159305820615.4329 51761599013.09437
159305820541.07208 51761599010.97064
159305820460.12024 51761599016.798416
159305820445.11545 51761599050.61936
159305820517.9029 51761599119.39676
159305820740.6074 51761599175.42997
159305820560.0795 51761599142.15932
159305820742.81155 51761599184.65719
159305820475.89066 51761599160.39866
159305820731.31918 51761599154.26135
159305820470.0594 51761599193.944275
159305820574.66187 51761599169.287964
159305820503.87173 51761599205.49099
159305820515.21597 51761599213.510216
159305820686.0304 51761599189.55273
159305820507.24307 51761599246.1076
159305820753.5138 51761599212.170204
159305820745.0213 51761599217.45013
159305820638.49982 51761599216.51275
159305820504.4712 51761599201.596535
