159305820643.47702 51761598780.17737
159305820577.15598 51761598791.42267
159305820450.97412 51761598872.44502
159305820539.53766 51761598831.29574
159305820457.79846 51761598909.17959
159305820450.40527 51761598960.310486
159305820503.83005 51761598986.134346
159305820630.95596 51761598943.24084
159305820417.7398 51761598937.77344
159305820478.19937 51761598986.833824
159305820504.16647 51761599005.23636
159305820593.91025 51761598965.09525
159305820500.93832 51761599027.00977
159305820678.28415 51761599001.84555
159305820480.91586 51761599003.56002
159305820399.47305 51761598991.13223
159305820454.18964 51761599027.904175
159305820386.80927 51761599021.14271
159305820598.4794 51761599046.642
159305820432.5226 51761599046.08496
159305820366.41287 51761599059.53481
159305820663.99405 51761599156.421684
159305820581.39508 51761599081.28483
159305820667.0201 51761599167.72845
