159305820686.8166 51761598724.081696
159305820548.55972 51761598711.722595
159305820720.69635 51761598812.86827
159305820658.12653 51761598753.69388
159305820534.37683 51761598747.623085
159305820612.22382 51761598787.68087
159305820450.07544 51761598822.23074
159305820468.86877 51761598858.10949
159305820478.85602 51761598893.11313
159305820517.6156 51761598907.89576
159305820516.8312 51761598916.86151
159305820542.32242 51761598858.44317
159305820529.00372 51761598872.78054
159305820371.45447 51761598930.56824
159305820474.86685 51761598905.85875
159305820589.30054 51761598946.79789
159305820445.10565 51761598913.29318
159305820396.4343 51761598954.83773
159305820359.97202 51761598991.49125
159305820373.13434 51761599001.67718
159305820559.89124 51761598998.1959
159305820363.89673 51761598992.901436
159305820527.73935 51761599021.482285
159305820348.72983 51761599005.62798
159305820381.77133 51761599086.95047
159305820430.47635 51761599034.36684
159305820581.11435 51761599129.555084
159305820583.96613 51761599142.85424
159305820559.7851 51761599111.37044
159305820615.41605 51761599125.55719
159305820603.37457 51761599125.507515
159305820541.41782 51761599114.78261
159305820449.5826 51761599103.539154
159305820330.45306 51761599146.5083
159305820422.11273 51761599119.20461
159305820570.4799 51761599116.207924
159305820358.03537 51761599163.97874
159305820497.68918 51761599129.107414
159305820392.5553 51761599135.50951
159305820547.2359 51761599167.2928
159305820526.47787 51761599199.85886
159305820518.8944 51761599206.22212
