159305820671.76083 51761598690.07846
159305820601.83 51761598703.1434
159305820558.14734 51761598743.48974
159305820502.66306 51761598772.49209
159305820771.59073 51761598813.855286
159305820451.3166 51761598860.28138
159305820419.6741 51761598833.76687
159305820537.20227 51761598824.36418
159305820474.69012 51761598891.43708
159305820646.30484 51761598856.55096
159305820530.8268 51761598839.86752
159305820606.27054 51761598878.143906
159305820519.03622 51761598855.34878
159305820477.7567 51761598902.93519
159305820694.9229 51761598917.1273
159305820451.10873 51761598920.68019
159305820386.74457 51761598964.6459
159305820420.4702 51761598940.99985
159305820604.85226 51761598946.672356
159305820581.00638 51761598989.758
159305820404.42792 51761599019.41954
159305820691.34625 51761599052.96137
159305820420.27988 51761599021.81023
159305820707.84576 51761599059.423996
159305820401.84406 51761599092.90071
159305820650.01678 51761599059.99296
159305820509.9014 51761599110.38835
159305820630.86508 51761599072.37088
159305820471.19556 51761599086.9141
159305820440.9611 51761599088.2842
159305820380.0978 51761599065.44274
159305820508.9515 51761599156.08507
159305820508.16708 51761599165.05082
159305820522.46057 51761599124.56465
159305820743.8093 51761598577.931145
159305820673.87845 51761598590.996086
159305820630.1958 51761598631.34242
159305820574.71152 51761598660.34477
159305820843.6392 51761598701.70797
159305820523.36502 51761598748.13406
159305820491.72256 51761598721.619545
159305820609.2507 51761598712.216866
159305820546.7386 51761598779.28976
159305820718.35327 51761598744.40364
159305820602.87524 51761598727.7202
159305820678.319 51761598765.99659
159305820591.08466 51761598743.20146
159305820549.80518 51761598790.78787
159305820766.97134 51761598804.97998
159305820523.1572 51761598808.532875
159305820458.79303 51761598852.49857
159305820492.51865 51761598828.85252
159305820676.90073 51761598834.52504
159305820653.0548 51761598877.61069
159305820476.47638 51761598907.272224
159305820763.39468 51761598940.81406
159305820492.32834 51761598909.66291
159305820779.89423 51761598947.27667
159305820473.89252 51761598980.753395
159305820722.06522 51761598947.84564
159305820581.94986 51761598998.24103
159305820702.91354 51761598960.223564
159305820543.24402 51761598974.76678
159305820513.00955 51761598976.13689
159305820452.14624 51761598953.295425
159305820580.99994 51761599043.93775
159305820580.21555 51761599052.9035
159305820594.50903 51761599012.417336
