159305820573.57614 51761598666.73171
159305820635.18628 51761598725.1933
159305820508.3932 51761598708.912254
159305820559.39322 51761598702.6322
159305820442.572 51761598794.75364
159305820516.3885 51761598810.67861
159305820446.75638 51761598827.24196
159305820442.26282 51761598877.42535
159305820495.1131 51761598903.04481
159305820618.0166 51761598865.22801
159305820470.3184 51761598900.960106
159305820406.59164 51761598857.208015
159305820494.54047 51761598921.06346
159305820585.4786 51761598881.45388
159305820506.27927 51761598863.60531
159305820685.03738 51761598978.80944
159305820470.26538 51761598919.59449
159305820727.51294 51761599009.62871
159305820446.5188 51761598938.59715
159305820389.5924 51761598989.71781
159305820588.0433 51761598959.40045
159305820421.59528 51761599002.5559
159305820570.95898 51761598994.04328
159305820659.05685 51761599075.07151
159305820404.42996 51761599057.11451
159305820669.2681 51761599096.041275
159305820416.85754 51761599064.2247
159305820614.47272 51761599040.75278
159305820612.6921 51761599049.63137
159305820540.836 51761599076.855576
159305820626.50436 51761599073.13735
159305820398.9596 51761599118.50922
159305820475.13632 51761599088.95654
159305820448.9241 51761599101.72057
159305820390.3197 51761599087.964226
