159305820539.666 51761598545.155136
159305820666.42145 51761598595.3568
159305820431.71057 51761598571.57373
159305820515.69528 51761598609.027504
159305820532.50613 51761598569.62423
159305820401.7254 51761598593.042046
159305820589.136 51761598655.355
159305820472.6553 51761598612.298004
159305820366.70404 51761598617.6184
159305820439.12903 51761598750.817825
159305820447.78363 51761598766.63231
159305820664.79312 51761598736.61954
159305820361.85922 51761598741.33015
159305820318.9357 51761598738.57864
159305820601.08038 51761598752.822754
159305820560.56064 51761598791.43816
159305820511.3722 51761598823.52603
159305820465.36197 51761598916.38733
159305820520.4808 51761598947.38743
159305820646.92416 51761598901.2495
159305820430.7636 51761598894.138245
159305820491.1637 51761598942.73636
159305820518.8623 51761598977.36042
159305820609.70413 51761598925.0963
159305820489.84302 51761598958.29394
159305820337.60703 51761598974.540825
159305820459.70642 51761598982.91518
159305820296.2776 51761598987.98991
159305820410.10007 51761599000.56716
159305820612.74924 51761598996.67644
159305820377.17596 51761599009.73251
159305820435.95987 51761599001.91784
159305820590.16098 51761599036.86066
159305820439.8041 51761599078.88206
159305820423.77783 51761599078.483765
159305820280.03677 51761599130.18252
159305820656.5312 51761599104.82645
159305820525.78488 51761599166.618484
159305820419.35675 51761599082.71507
159305820638.3757 51761599117.29152
159305820280.19888 51761599151.276924
159305820488.3253 51761599143.4463
159305820413.62885 51761599102.290344
159305820457.17813 51761599155.57855
159305820407.59882 51761599139.62319
159305820538.3624 51761599217.90987
159305820313.84518 51761599205.00371
