159305820679.72574 51761598705.55639
159305820610.08374 51761598715.13688
159305820476.55292 51761598795.991135
159305820569.47684 51761598754.74849
159305820478.0102 51761598825.22941
159305820467.32452 51761598875.95072
159305820543.40994 51761598834.0308
159305820433.53995 51761598852.130325
159305820493.03906 51761598903.295944
159305820649.8836 51761598871.7116
159305820531.00488 51761598930.48688
159305820533.1219 51761598940.71029
159305820615.09174 51761598890.75175
159305820549.7401 51761598884.172966
159305820491.7753 51761598921.068794
159305820705.42047 51761598936.4725
159305820459.16467 51761598937.314445
159305820402.26495 51761598982.96288
159305820369.75394 51761598964.83588
159305820433.3386 51761598957.138985
159305820616.56467 51761598964.46426
159305820591.89688 51761599005.47036
159305820417.48294 51761599040.77516
159305820693.1473 51761599025.36513
159305820432.1644 51761599045.07108
159305820658.21448 51761599077.953606
159305820416.2522 51761599111.82032
159305820521.06177 51761599125.28591
159305820639.14993 51761599089.335335
159305820483.63315 51761599105.72587
159305820430.18674 51761599136.12729
159305820395.24173 51761599083.78696
159305820524.8775 51761599172.67397
159305820525.0893 51761599181.72688
159305820533.5253 51761599142.253876
