159305820671.76083 51761598690.07846
159305820601.83 51761598703.1434
159305820558.14734 51761598743.48974
159305820502.66306 51761598772.49209
159305820771.59073 51761598813.855286
159305820451.3166 51761598860.28138
159305820419.6741 51761598833.76687
159305820537.20227 51761598824.36418
159305820474.69012 51761598891.43708
159305820646.30484 51761598856.55096
159305820530.8268 51761598839.86752
159305820606.27054 51761598878.143906
159305820519.03622 51761598855.34878
159305820477.7567 51761598902.93519
159305820694.9229 51761598917.1273
159305820451.10873 51761598920.68019
159305820386.74457 51761598964.6459
159305820420.4702 51761598940.99985
159305820604.85226 51761598946.672356
159305820581.00638 51761598989.758
159305820404.42792 51761599019.41954
159305820691.34625 51761599052.96137
159305820420.27988 51761599021.81023
159305820707.84576 51761599059.423996
159305820401.84406 51761599092.90071
159305820650.01678 51761599059.99296
159305820509.9014 51761599110.38835
159305820630.86508 51761599072.37088
159305820471.19556 51761599086.9141
159305820440.9611 51761599088.2842
159305820380.0978 51761599065.44274
159305820508.9515 51761599156.08507
159305820508.16708 51761599165.05082
159305820522.46057 51761599124.56465
