159305820539.666 51761598545.155136
159305820666.42145 51761598595.3568
159305820431.71057 51761598571.57373
159305820515.69528 51761598609.027504
159305820532.50613 51761598569.62423
159305820401.7254 51761598593.042046
159305820589.136 51761598655.355
159305820472.6553 51761598612.298004
159305820366.70404 51761598617.6184
159305820439.12903 51761598750.817825
159305820447.78363 51761598766.63231
159305820664.79312 51761598736.61954
159305820361.85922 51761598741.33015
159305820318.9357 51761598738.57864
159305820601.08038 51761598752.822754
159305820560.56064 51761598791.43816
159305820511.3722 51761598823.52603
159305820465.36197 51761598916.38733
159305820520.4808 51761598947.38743
159305820646.92416 51761598901.2495
159305820430.7636 51761598894.138245
159305820491.1637 51761598942.73636
159305820518.8623 51761598977.36042
159305820609.70413 51761598925.0963
159305820489.84302 51761598958.29394
159305820337.60703 51761598974.540825
159305820459.70642 51761598982.91518
159305820296.2776 51761598987.98991
159305820410.10007 51761599000.56716
159305820612.74924 51761598996.67644
159305820377.17596 51761599009.73251
159305820435.95987 51761599001.91784
159305820590.16098 51761599036.86066
159305820439.8041 51761599078.88206
159305820423.77783 51761599078.483765
159305820280.03677 51761599130.18252
159305820656.5312 51761599104.82645
159305820525.78488 51761599166.618484
159305820419.35675 51761599082.71507
159305820638.3757 51761599117.29152
159305820280.19888 51761599151.276924
159305820488.3253 51761599143.4463
159305820413.62885 51761599102.290344
159305820457.17813 51761599155.57855
159305820407.59882 51761599139.62319
159305820538.3624 51761599217.90987
159305820313.84518 51761599205.00371
159305820610.7679 51761598420.87917
159305820737.52338 51761598471.08083
159305820502.8125 51761598447.29777
159305820586.7972 51761598484.75153
159305820603.60806 51761598445.34826
159305820472.82733 51761598468.766075
159305820660.2379 51761598531.07903
159305820543.75723 51761598488.02203
159305820437.80597 51761598493.34243
159305820510.23096 51761598626.54186
159305820518.88556 51761598642.35634
159305820735.89505 51761598612.343575
159305820432.96115 51761598617.05418
159305820390.03763 51761598614.30267
159305820672.1823 51761598628.54678
159305820631.66257 51761598667.1622
159305820582.47412 51761598699.25007
159305820536.4639 51761598792.11136
159305820591.58273 51761598823.11146
159305820718.0261 51761598776.973526
159305820501.86554 51761598769.862274
159305820562.26562 51761598818.460396
159305820589.96423 51761598853.08446
159305820680.80606 51761598800.820335
159305820560.94495 51761598834.01797
159305820408.70895 51761598850.264854
159305820530.80835 51761598858.639206
159305820367.37952 51761598863.713936
159305820481.202 51761598876.29119
159305820683.85117 51761598872.400475
159305820448.2779 51761598885.45654
159305820507.0618 51761598877.64187
159305820661.2629 51761598912.584694
159305820510.90604 51761598954.606094
159305820494.87976 51761598954.207794
159305820351.1387 51761599005.906555
159305820727.63312 51761598980.550476
159305820596.88678 51761599042.342514
159305820490.45868 51761598958.43911
159305820709.47763 51761598993.01556
159305820351.3008 51761599027.00095
159305820559.42722 51761599019.170334
159305820484.73077 51761598978.01438
159305820528.28006 51761599031.30259
159305820478.70074 51761599015.34722
159305820609.46432 51761599093.633896
159305820384.9471 51761599080.72774
