159305820679.72574 51761598705.55639
159305820610.08374 51761598715.13688
159305820476.55292 51761598795.991135
159305820569.47684 51761598754.74849
159305820478.0102 51761598825.22941
159305820467.32452 51761598875.95072
159305820543.40994 51761598834.0308
159305820433.53995 51761598852.130325
159305820493.03906 51761598903.295944
159305820649.8836 51761598871.7116
159305820531.00488 51761598930.48688
159305820533.1219 51761598940.71029
159305820615.09174 51761598890.75175
159305820549.7401 51761598884.172966
159305820491.7753 51761598921.068794
159305820705.42047 51761598936.4725
159305820459.16467 51761598937.314445
159305820402.26495 51761598982.96288
159305820369.75394 51761598964.83588
159305820433.3386 51761598957.138985
159305820616.56467 51761598964.46426
159305820591.89688 51761599005.47036
159305820417.48294 51761599040.77516
159305820693.1473 51761599025.36513
159305820432.1644 51761599045.07108
159305820658.21448 51761599077.953606
159305820416.2522 51761599111.82032
159305820521.06177 51761599125.28591
159305820639.14993 51761599089.335335
159305820483.63315 51761599105.72587
159305820430.18674 51761599136.12729
159305820395.24173 51761599083.78696
159305820524.8775 51761599172.67397
159305820525.0893 51761599181.72688
159305820533.5253 51761599142.253876
159305820750.5662 51761598584.269005
159305820680.92422 51761598593.849495
159305820547.3934 51761598674.70375
159305820640.31732 51761598633.461105
159305820548.85065 51761598703.942024
159305820538.16498 51761598754.66334
159305820614.2504 51761598712.743416
159305820504.3804 51761598730.84295
159305820563.87955 51761598782.00857
159305820720.72406 51761598750.42422
159305820601.84534 51761598809.19949
159305820603.96237 51761598819.42291
159305820685.9322 51761598769.46436
159305820620.5806 51761598762.88558
159305820562.61578 51761598799.78142
159305820776.26093 51761598815.18512
159305820530.00516 51761598816.02706
159305820473.1054 51761598861.6755
159305820440.5944 51761598843.54849
159305820504.17905 51761598835.85161
159305820687.40515 51761598843.17688
159305820662.73737 51761598884.182976
159305820488.3234 51761598919.487785
159305820763.98776 51761598904.07774
159305820503.00485 51761598923.78371
159305820729.05493 51761598956.66622
159305820487.09265 51761598990.53294
159305820591.90222 51761599003.99853
159305820709.99042 51761598968.04795
159305820554.4736 51761598984.43849
159305820501.0272 51761599014.83991
159305820466.08218 51761598962.49957
159305820595.718 51761599051.3866
159305820595.92978 51761599060.4395
159305820604.36575 51761599020.96649
