159305820573.57614 51761598666.73171
159305820635.18628 51761598725.1933
159305820508.3932 51761598708.912254
159305820559.39322 51761598702.6322
159305820442.572 51761598794.75364
159305820516.3885 51761598810.67861
159305820446.75638 51761598827.24196
159305820442.26282 51761598877.42535
159305820495.1131 51761598903.04481
159305820618.0166 51761598865.22801
159305820470.3184 51761598900.960106
159305820406.59164 51761598857.208015
159305820494.54047 51761598921.06346
159305820585.4786 51761598881.45388
159305820506.27927 51761598863.60531
159305820685.03738 51761598978.80944
159305820470.26538 51761598919.59449
159305820727.51294 51761599009.62871
159305820446.5188 51761598938.59715
159305820389.5924 51761598989.71781
159305820588.0433 51761598959.40045
159305820421.59528 51761599002.5559
159305820570.95898 51761598994.04328
159305820659.05685 51761599075.07151
159305820404.42996 51761599057.11451
159305820669.2681 51761599096.041275
159305820416.85754 51761599064.2247
159305820614.47272 51761599040.75278
159305820612.6921 51761599049.63137
159305820540.836 51761599076.855576
159305820626.50436 51761599073.13735
159305820398.9596 51761599118.50922
159305820475.13632 51761599088.95654
159305820448.9241 51761599101.72057
159305820390.3197 51761599087.964226
159305820631.72754 51761598541.32272
159305820693.33768 51761598599.78431
159305820566.5446 51761598583.503265
159305820617.54462 51761598577.22321
159305820500.7234 51761598669.34465
159305820574.5399 51761598685.26962
159305820504.90778 51761598701.83297
159305820500.4142 51761598752.01635
159305820553.2645 51761598777.63581
159305820676.168 51761598739.81902
159305820528.4698 51761598775.55112
159305820464.74304 51761598731.79903
159305820552.69186 51761598795.65447
159305820643.63 51761598756.04489
159305820564.43066 51761598738.19632
159305820743.18878 51761598853.40045
159305820528.41678 51761598794.1855
159305820785.66434 51761598884.21972
159305820504.6702 51761598813.18816
159305820447.7438 51761598864.30882
159305820646.1947 51761598833.99146
159305820479.74667 51761598877.146904
159305820629.11038 51761598868.634285
159305820717.20825 51761598949.66252
159305820462.58136 51761598931.70551
159305820727.4195 51761598970.632286
159305820475.00894 51761598938.81571
159305820672.6241 51761598915.34379
159305820670.8435 51761598924.22238
159305820598.9874 51761598951.44658
159305820684.65576 51761598947.72836
159305820457.111 51761598993.10022
159305820533.28772 51761598963.547554
159305820507.0755 51761598976.31158
159305820448.4711 51761598962.55523
