159305820601.9346 51761598667.19607
159305820665.46692 51761598729.50299
159305820584.67593 51761598703.83128
159305820477.31705 51761598710.46005
159305820475.4493 51761598720.33485
159305820554.6211 51761598752.444954
159305820465.44992 51761598824.109055
159305820761.37177 51761598806.974144
159305820455.67563 51761598879.24332
159305820511.63843 51761598907.372826
159305820643.55728 51761598867.81529
159305820424.6956 51761598854.74826
159305820476.75784 51761598902.167984
159305820510.85403 51761598916.33858
159305820532.42358 51761598852.340385
159305820605.6897 51761598887.590164
159305820505.42508 51761598943.97056
159305820485.73083 51761598923.28972
159305820697.34375 51761598933.348946
159305820452.7539 51761598939.11043
159305820401.98218 51761598989.43588
159305820366.63434 51761598972.02499
159305820611.379 51761598965.99879
159305820429.82925 51761598960.19264
159305820589.05222 51761599003.19442
159305820689.5395 51761599023.25268
159305820418.59927 51761599045.79844
159305820432.3717 51761599049.01101
159305820652.42017 51761599068.33496
159305820517.40842 51761599127.13198
159305820418.23453 51761599114.63061
159305820635.08658 51761599082.879585
159305820485.59995 51761599104.75141
159305820456.27454 51761599107.204865
159305820395.72617 51761599088.03758
159305820527.8192 51761599180.24145
