159305820598.09543 51761598601.88549
159305820651.2493 51761598663.73518
159305820736.79886 51761598636.94691
159305820652.14615 51761598687.90533
159305820498.46918 51761598664.92255
159305820666.5489 51761598642.94763
159305820675.25952 51761598714.52784
159305820530.51437 51761598696.41557
159305820722.13113 51761598715.05204
159305820545.14615 51761598712.75299
159305820626.1715 51761598741.50346
159305820577.6335 51761598723.412384
159305820530.82245 51761598675.16503
159305820489.83948 51761598694.53827
159305820479.5289 51761598697.65149
159305820631.48892 51761598761.04125
159305820636.99277 51761598721.404175
159305820484.28024 51761598767.73862
159305820658.86255 51761598787.48697
159305820540.73013 51761598795.33178
159305820522.9652 51761598746.05091
159305820502.2569 51761598753.27355
159305820542.49854 51761598809.53997
159305820601.40463 51761598789.63684
159305820745.7216 51761598809.21814
159305820754.6002 51761598810.99873
159305820561.409 51761598754.20697
159305820714.97543 51761598801.19974
159305820558.1493 51761598792.9181
159305820464.23724 51761598773.13414
159305820752.05176 51761598849.92447
159305820555.0335 51761598769.710304
159305820443.35464 51761598782.34917
159305820791.34116 51761598843.0367
159305820645.7725 51761598798.87888
159305820418.0235 51761598790.4534
159305820494.13635 51761598849.69802
159305820530.0334 51761598885.03947
159305820548.11288 51761598878.53208
159305820604.34003 51761598837.714455
159305820568.51004 51761598886.33952
159305820432.0084 51761598906.919495
159305820707.41287 51761598874.23444
159305820591.85056 51761598865.732544
159305820458.29977 51761598907.13983
159305820471.81073 51761598913.34098
159305820360.7377 51761598927.80367
159305820548.55765 51761598886.84475
159305820567.89664 51761598920.2133
159305820579.67667 51761598923.251564
159305820472.0277 51761598947.07159
159305820533.73935 51761598895.58651
159305820497.6018 51761598910.90952
159305820470.7204 51761598962.01451
159305820366.17975 51761598957.390564
159305820538.26947 51761598975.83766
159305820470.1616 51761598903.46849
159305820458.26007 51761598962.493935
159305820471.12726 51761598920.811775
159305820575.9537 51761598957.860664
159305820556.50308 51761598962.18187
159305820465.27472 51761598930.337944
159305820427.2711 51761598944.39896
159305820525.798 51761598961.36457
159305820345.02826 51761598953.06281
159305820502.8799 51761598995.81884
159305820597.0539 51761599046.89568
159305820652.84082 51761599051.776405
159305820447.66132 51761599057.38657
159305820398.23767 51761599060.0893
159305820671.85382 51761599064.47044
159305820610.8532 51761599073.58625
159305820602.01212 51761599082.85095
159305820647.627 51761599162.56808
159305820570.52444 51761599127.1653
159305820664.12656 51761599169.0307
159305820699.8182 51761599165.64817
159305820555.88046 51761599133.91467
159305820620.48215 51761599131.61811
