159305820581.17017 51761598732.37679
159305820591.81717 51761598748.36558
159305820509.71033 51761598757.57373
159305820580.8873 51761598711.13935
159305820609.21884 51761598778.65684
159305820657.118 51761598806.79822
159305820524.0279 51761598722.33301
159305820656.5454 51761598824.81688
159305820521.63718 51761598738.18497
159305820678.22473 51761598785.515175
159305820533.91806 51761598770.658875
159305820580.24762 51761598831.48216
159305820487.60794 51761598793.3968
159305820463.2635 51761598796.28603
159305820586.8227 51761598848.11852
159305820682.97144 51761598858.0419
159305820560.11078 51761598854.84
159305820435.22482 51761598795.72761
159305820596.83774 51761598806.10008
159305820585.91708 51761598816.18666
159305820504.5389 51761598870.269775
159305820702.4054 51761598917.129906
159305820669.03217 51761598886.32667
159305820575.3221 51761598865.81102
159305820422.72903 51761598912.392334
159305820347.1756 51761598918.22758
159305820522.0743 51761598935.61
159305820451.0253 51761598914.63338
159305820463.4529 51761598921.74357
159305820526.39554 51761598955.06064
159305820346.9891 51761598943.306755
159305820529.46585 51761598955.79489
159305820472.48425 51761598893.82736
159305820537.8215 51761598963.55265
159305820524.54517 51761598919.542366
159305820445.90012 51761598946.835304
159305820461.9497 51761598910.974464
159305820522.8099 51761598913.855606
159305820568.6534 51761598971.54177
159305820553.62332 51761598971.23063
159305820330.10165 51761598928.234886
159305820404.75314 51761598995.76527
159305820531.32944 51761598994.96982
159305820551.25333 51761598996.71294
159305820423.02106 51761599016.43608
159305820499.98428 51761598987.06141
159305820467.93527 51761599011.6452
159305820351.9736 51761599052.809044
159305820254.4371 51761599072.634186
159305820373.5976 51761599085.28792
159305820544.75543 51761599085.11784
159305820256.24298 51761599097.88768
159305820573.66074 51761599128.6524
159305820405.70535 51761599056.89541
159305820388.2846 51761599072.436226
159305820610.38962 51761599112.62276
159305820554.47327 51761599150.13079
159305820618.6511 51761599181.90642
159305820597.2151 51761599125.52362
159305820599.92273 51761599165.75312
159305820332.71307 51761599145.85493
159305820580.54706 51761599192.164925
