159305820711.9448 51761598618.797554
159305820697.8804 51761598677.7648
159305820715.11465 51761598687.30316
159305820528.55515 51761598684.284294
159305820543.36124 51761598698.62932
159305820631.9364 51761598722.5727
159305820582.18976 51761598707.21112
159305820639.33334 51761598741.288605
159305820525.80115 51761598661.36282
159305820474.2144 51761598727.998955
159305820641.6763 51761598701.23176
159305820667.83206 51761598767.78239
159305820495.5266 51761598765.09478
159305820543.9717 51761598784.814705
159305820503.2722 51761598779.825905
159305820742.07687 51761598797.7048
159305820595.73276 51761598750.169495
159305820584.426 51761598753.19556
159305820751.25443 51761598807.542114
159305820503.23715 51761598736.98433
159305820723.01846 51761598768.61769
159305820562.72168 51761598740.14876
159305820764.15088 51761598826.09559
159305820568.3008 51761598780.09389
159305820468.36563 51761598774.709114
159305820559.24765 51761598756.90976
159305820655.51785 51761598781.344124
159305820430.37436 51761598763.471375
159305820505.36798 51761598838.49348
159305820414.42303 51761598785.16367
159305820579.42395 51761598824.90575
159305820520.26776 51761598889.055214
159305820617.81796 51761598824.983734
159305820519.48334 51761598898.020966
159305820721.2596 51761598853.47319
159305820550.47736 51761598916.46941
159305820435.54578 51761598908.506775
159305820604.158 51761598854.90706
159305820440.8735 51761598924.41637
159305820556.36917 51761598910.37283
159305820583.85516 51761598891.84806
159305820573.63174 51761598893.96508
159305820468.91708 51761598880.5007
159305820440.73666 51761598937.454056
159305820540.11902 51761598883.056335
159305820375.83374 51761598932.13056
159305820486.7157 51761598872.34861
159305820597.0778 51761598909.80289
159305820578.21506 51761598914.19968
159305820388.5106 51761598959.33897
159305820501.26215 51761598925.13132
159305820563.48392 51761598921.94525
159305820477.6524 51761598931.09629
159305820587.75836 51761598939.94473
159305820529.78903 51761598998.28206
159305820487.43823 51761598966.21182
159305820461.01422 51761598969.92294
159305820547.0844 51761598960.2073
159305820364.76306 51761598953.46605
159305820510.41708 51761598966.07844
159305820588.14053 51761598987.0033
159305820506.034 51761598981.75608
159305820578.02957 51761599022.256226
159305820688.39005 51761599112.25548
159305820467.67822 51761599069.855385
159305820425.66373 51761599068.18723
159305820633.9837 51761599113.9818
159305820679.7379 51761599141.00275
159305820735.4654 51761599127.8224
159305820371.99408 51761599080.59917
159305820700.13507 51761599148.81018
159305820641.4764 51761599184.89318
159305820681.87375 51761599190.25915
159305820513.30905 51761599152.896034
159305820719.02707 51761599192.300934
159305820586.28055 51761599179.356606
