159305820657.41296 51761598573.447586
159305820661.28482 51761598664.358826
159305820688.3684 51761598679.64276
159305820712.4017 51761598691.7836
159305820516.62753 51761598688.626465
159305820533.42603 51761598703.1458
159305820620.41238 51761598726.23919
159305820565.73688 51761598710.91728
159305820627.89648 51761598743.9589
159305820514.80423 51761598668.65129
159305820472.5048 51761598700.900696
159305820459.2928 51761598702.756256
159305820627.56152 51761598704.47624
159305820657.9217 51761598769.04053
159305820478.66153 51761598697.57177
159305820550.7758 51761598715.015915
159305820739.64432 51761598807.89043
159305820470.24402 51761598724.94229
159305820717.41428 51761598779.36837
159305820756.00702 51761598827.39073
159305820543.78662 51761598807.00576
159305820562.49033 51761598822.6956
159305820451.59518 51761598783.442566
159305820647.80875 51761598781.631546
159305820414.22537 51761598770.028496
159305820491.90778 51761598843.70143
159305820400.3536 51761598790.89891
159305820559.9501 51761598811.12057
159305820605.33105 51761598819.68947
159305820529.51648 51761598897.609
159305820715.84692 51761598850.74039
159305820527.46283 51761598860.38689
159305820553.44443 51761598851.511284
159305820594.74683 51761598848.87806
159305820429.32883 51761598914.3149
159305820541.69635 51761598921.54698
159305820574.83807 51761598903.68413
159305820583.71667 51761598905.46473
159305820549.96484 51761598930.30094
159305820458.33237 51761598911.611916
159305820532.23184 51761598877.05612
159305820473.92288 51761598916.99119
159305820496.27628 51761598935.4715
159305820365.8636 51761598940.61273
159305820592.9189 51761598910.94588
159305820512.4272 51761598945.9189
159305820565.2278 51761598900.44323
159305820554.1328 51761598912.5222
159305820472.4186 51761598898.30432
159305820599.44 51761598940.2374
159305820376.37375 51761598969.63921
159305820587.13705 51761598943.17631
159305820472.7019 51761598934.425316
159305820536.2396 51761598994.76588
159305820437.97055 51761598943.85192
159305820516.7479 51761599024.60244
159305820518.86493 51761599034.82585
159305820507.38834 51761598966.313545
159305820356.46625 51761598962.56403
159305820610.96783 51761599039.514
159305820504.0886 51761598981.08215
159305820695.68787 51761599033.61207
159305820466.69122 51761599070.0086
159305820632.08694 51761599112.17754
159305820423.50623 51761599070.24568
159305820340.50497 51761599122.47984
159305820683.0786 51761599131.440605
159305820737.76187 51761599126.932335
159305820702.74106 51761599136.1723
159305820537.70877 51761599094.43652
159305820352.0985 51761599150.59728
159305820642.66885 51761599180.982445
159305820705.01904 51761599173.08823
159305820513.87506 51761599114.43539
159305820723.98422 51761599185.78948
159305820591.22083 51761599174.34629
159305820643.22217 51761599150.90754
