159305820662.16174 51761598616.403
159305820660.46832 51761598624.2854
159305820466.53482 51761598690.936935
159305820661.6094 51761598650.58138
159305820701.0706 51761598702.20309
159305820474.40503 51761598715.71716
159305820538.1208 51761598719.01623
159305820475.82288 51761598675.24863
159305820556.9988 51761598732.71368
159305820640.374 51761598758.78901
159305820589.53424 51761598742.2671
159305820536.51874 51761598697.33476
159305820648.76712 51761598777.59207
159305820499.77594 51761598733.40121
159305820486.56396 51761598735.25677
159305820650.87125 51761598736.68291
159305820453.03308 51761598739.31487
159305820680.66727 51761598803.64143
159305820514.83313 51761598798.680084
159305820565.51813 51761598819.912315
159305820527.1239 51761598818.827965
159305820525.07883 51761598781.19609
159305820737.0355 51761598800.73298
159305820604.831 51761598801.59128
159305820587.2856 51761598807.08299
159305820490.05508 51761598808.47191
159305820573.28806 51761598868.18265
159305820448.92493 51761598799.2396
159305820378.30975 51761598856.465775
159305820675.68738 51761598820.94719
159305820389.3054 51761598868.46979
159305820530.08313 51761598875.95798
159305820436.22366 51761598818.20478
159305820325.06116 51761598899.90562
159305820730.18268 51761598943.540085
159305820645.60284 51761598866.49849
159305820328.08722 51761598911.21238
159305820563.76538 51761598858.38363
159305820378.65613 51761598921.58307
159305820337.60617 51761598857.3198
159305820467.37808 51761598936.25069
159305820560.9478 51761598960.29023
159305820495.87143 51761598934.715256
159305820355.32675 51761598943.91255
159305820509.5567 51761598938.92402
159305820565.05722 51761598970.68795
159305820574.6832 51761598928.7626
159305820397.30338 51761598964.0438
159305820527.55603 51761598971.060295
159305820539.72217 51761598981.15907
159305820409.15836 51761598989.17266
159305820509.75977 51761598931.77839
159305820583.13492 51761598948.185616
159305820501.2857 51761598966.02393
159305820622.83154 51761599002.80323
159305820572.03995 51761598960.26459
159305820462.3292 51761598975.28046
159305820568.16632 51761598998.726875
159305820399.97592 51761599007.99516
159305820534.24222 51761599001.18431
159305820317.02338 51761598995.041756
159305820528.9501 51761599015.7786
159305820633.68124 51761599071.89449
159305820309.91318 51761599007.46935
159305820690.11572 51761599080.847145
159305820312.74963 51761599097.05073
159305820482.2159 51761599098.17783
159305820403.4829 51761599128.45211
159305820327.46857 51761599112.391945
159305820379.34357 51761599112.90467
159305820614.97336 51761599173.76135
159305820408.01593 51761599156.95565
