159305820595.94623 51761598663.90855
159305820678.68097 51761598645.15938
159305820595.025 51761598685.91199
159305820647.4778 51761598692.36661
159305820670.60208 51761598703.424095
159305820730.91544 51761598725.03683
159305820467.33362 51761598707.77602
159305820482.7873 51761598726.19298
159305820578.9958 51761598740.68446
159305820752.2966 51761598756.01821
159305820526.0637 51761598724.91698
159305820586.4799 51761598758.404175
159305820468.65448 51761598684.52328
159305820586.81952 51761598718.276
159305820619.5902 51761598780.32211
159305820448.2878 51761598725.27341
159305820487.74878 51761598799.02516
159305820701.1151 51761598813.15038
159305820680.1984 51761598788.853
159305820723.71646 51761598830.185036
159305820760.87122 51761598820.29075
159305820528.15268 51761598779.18884
159305820512.5125 51761598785.85107
159305820497.05972 51761598850.55036
159305820609.81882 51761598797.59421
159305820405.7739 51761598835.480705
159305820451.9353 51761598858.59188
159305820521.12854 51761598836.22299
159305820566.81796 51761598833.544106
159305820507.13214 51761598847.044304
159305820754.8201 51761598937.65724
159305820674.78964 51761598931.72664
159305820551.90033 51761598866.36886
159305820534.6884 51761598897.873886
159305820510.8222 51761598928.03053
159305820394.0537 51761598937.26252
159305820521.5189 51761598931.97783
159305820397.86688 51761598950.651855
159305820495.27835 51761598893.162056
159305820404.9622 51761598950.262726
159305820768.2195 51761598991.02817
159305820398.81342 51761598962.7805
159305820451.07205 51761598951.88562
159305820458.60583 51761598957.56384
159305820702.2604 51761598996.36685
159305820515.185 51761598922.74425
159305820438.3704 51761598917.586105
159305820545.35236 51761598980.71264
159305820503.82855 51761598937.811806
159305820435.4305 51761598951.35031
159305820799.26837 51761599039.363976
159305820506.88196 51761598979.37082
159305820397.91415 51761598969.61919
159305820492.53693 51761598994.1769
159305820581.63705 51761599047.65659
159305820597.31473 51761599052.03967
159305820733.20264 51761599032.2668
159305820574.92404 51761599025.71518
159305820813.00516 51761599108.6495
159305820561.04413 51761599044.202805
159305820389.17773 51761599082.00718
159305820722.2698 51761599065.44017
159305820430.55328 51761599107.523994
159305820600.60974 51761599129.32701
159305820462.59363 51761599131.40737
159305820761.1056 51761599115.082565
159305820660.8984 51761599140.75317
159305820680.73517 51761599143.49248
159305820749.36307 51761599123.08961
159305820513.34323 51761599154.93619
159305820626.01025 51761599191.33369
159305820669.6496 51761599193.98593
