159305820569.33902 51761598575.211075
159305820590.81955 51761598582.109474
159305820704.10938 51761598595.856995
159305820721.69223 51761598601.410576
159305820540.8361 51761598559.56375
159305820681.24518 51761598574.83277
159305820707.78488 51761598640.813095
159305820788.7851 51761598617.34269
159305820675.32022 51761598653.71517
159305820706.02795 51761598658.409386
159305820782.9326 51761598626.86886
159305820498.84125 51761598670.3943
159305820740.5394 51761598678.77602
159305820523.55963 51761598697.652374
159305820568.41776 51761598699.673676
159305820648.55603 51761598722.6784
159305820596.17438 51761598715.151726
159305820660.0249 51761598740.746735
159305820542.3309 51761598674.362526
159305820652.60303 51761598703.05807
159305820488.94516 51761598736.43158
159305820682.38376 51761598768.6545
159305820737.95236 51761598795.153946
159305820519.88797 51761598774.75824
159305820741.06558 51761598805.464516
159305820562.9698 51761598797.09138
159305820817.476 51761598770.38228
159305820739.70956 51761598769.08373
159305820533.2621 51761598793.99708
159305820796.85486 51761598776.60873
159305820614.47986 51761598763.161285
159305820631.3832 51761598785.16135
159305820601.09357 51761598767.00923
159305820525.4626 51761598755.685036
159305820589.71738 51761598825.35436
159305820574.6852 51761598763.90402
159305820493.51447 51761598781.47711
159305820580.50076 51761598772.16243
159305820670.3143 51761598785.306366
159305820450.08228 51761598784.10643
159305820442.3245 51761598792.46209
159305820534.53998 51761598814.9665
159305820561.28604 51761598890.63621
159305820637.9595 51761598833.13092
159305820467.38632 51761598821.166504
159305820752.5713 51761598909.66727
159305820585.83347 51761598885.453285
159305820589.75476 51761598848.42395
159305820466.5885 51761598918.850494
159305820587.275 51761598869.50792
159305820648.8328 51761598891.06612
159305820563.13425 51761598938.24759
159305820476.97406 51761598937.827866
159305820568.41415 51761598946.74008
159305820621.57855 51761598915.73046
159305820600.7475 51761598933.682625
159305820403.1374 51761598940.43325
159305820569.2382 51761598896.458015
159305820534.2563 51761598948.83252
159305820550.4072 51761598959.279915
159305820573.5346 51761598982.60149
159305820420.7081 51761598969.073616
159305820510.39865 51761598911.66534
159305820631.71893 51761598944.51209
159305820491.3617 51761598987.96817
159305820621.05972 51761598951.61009
159305820586.0702 51761598989.039635
159305820601.66068 51761598994.41891
159305820505.64487 51761599008.29036
159305820544.6801 51761599032.84777
159305820648.74167 51761599033.55052
159305820482.75665 51761598979.57469
159305820383.21375 51761598973.34953
159305820549.1265 51761598984.55778
159305820542.57672 51761599002.053505
159305820668.16727 51761599122.774086
159305820498.3934 51761599085.82463
159305820450.40176 51761599083.633545
159305820783.56696 51761599092.13884
159305820713.73068 51761599145.33516
159305820728.32498 51761599150.62727
159305820721.3381 51761599188.35328
159305820705.5842 51761599123.21255
159305820760.22647 51761599186.32915
159305820629.0845 51761599170.011566
159305820524.92166 51761598612.481674
159305820546.40216 51761598619.38007
159305820659.692 51761598633.12759
159305820677.27487 51761598638.68117
159305820496.41873 51761598596.83435
159305820636.82782 51761598612.10337
159305820663.3675 51761598678.083694
159305820744.36774 51761598654.61329
159305820630.90286 51761598690.98577
159305820661.6106 51761598695.679985
159305820738.5152 51761598664.13946
159305820454.4239 51761598707.664894
159305820696.12204 51761598716.04661
159305820479.14224 51761598734.922966
159305820524.0004 51761598736.944275
159305820604.13864 51761598759.949
159305820551.75702 51761598752.422325
159305820615.60754 51761598778.017334
159305820497.91354 51761598711.63312
159305820608.18564 51761598740.32866
159305820444.5278 51761598773.70218
159305820637.9664 51761598805.925095
159305820693.535 51761598832.424545
159305820475.47058 51761598812.02884
159305820696.64822 51761598842.735115
159305820518.55243 51761598834.36198
159305820773.05862 51761598807.65288
159305820695.2922 51761598806.35433
159305820488.8447 51761598831.26768
159305820752.4375 51761598813.87932
159305820570.0625 51761598800.431885
159305820586.96582 51761598822.431946
159305820556.67618 51761598804.27983
159305820481.04523 51761598792.95563
159305820545.30002 51761598862.62496
159305820530.26782 51761598801.174614
159305820449.09708 51761598818.74771
159305820536.0834 51761598809.43302
159305820625.8969 51761598822.576965
159305820405.66492 51761598821.37703
159305820397.90714 51761598829.73269
159305820490.12262 51761598852.2371
159305820516.86868 51761598927.90681
159305820593.54214 51761598870.40151
159305820422.96896 51761598858.437096
159305820708.15393 51761598946.93786
159305820541.4161 51761598922.72388
159305820545.3374 51761598885.69454
159305820422.17114 51761598956.12109
159305820542.8576 51761598906.77851
159305820604.41544 51761598928.336716
159305820518.71686 51761598975.51819
159305820432.55667 51761598975.098465
159305820523.9968 51761598984.01068
159305820577.1612 51761598953.00106
159305820556.3301 51761598970.95322
159305820358.72003 51761598977.70384
159305820524.82083 51761598933.728615
159305820489.83893 51761598986.10312
159305820505.98984 51761598996.550514
159305820529.11725 51761599019.872086
159305820376.2907 51761599006.344215
159305820465.9813 51761598948.935936
159305820587.30154 51761598981.78269
159305820446.94434 51761599025.23877
159305820576.64236 51761598988.88069
159305820541.65283 51761599026.310234
159305820557.24332 51761599031.6895
159305820461.22748 51761599045.56096
159305820500.26276 51761599070.11837
159305820604.3243 51761599070.82112
159305820438.3393 51761599016.84529
159305820338.7964 51761599010.62013
159305820504.70914 51761599021.82838
159305820498.15936 51761599039.324104
159305820623.7499 51761599160.044685
159305820453.97604 51761599123.09522
159305820405.9844 51761599120.90414
159305820739.1496 51761599129.40944
159305820669.31332 51761599182.60576
159305820683.90762 51761599187.89787
159305820676.92072 51761599225.62388
159305820661.16684 51761599160.48314
159305820715.8091 51761599223.59975
159305820584.6671 51761599207.282166
