17052008398.71354 2093723191.106529
17052008443.530935 2093723195.1490848
17052008398.560778 2093723213.1287148
17052008417.097824 2093723235.7285209
17052008440.59391 2093723245.9722497
17052008514.074987 2093723252.439056
17052008247.325308 2093723246.2317038
17052008263.412298 2093723264.098117
17052008369.24015 2093723270.3008966
17052008536.524353 2093723282.6553755
17052008296.000093 2093723274.2362247
17052008377.338106 2093723287.7486224
17052008252.339806 2093723281.8829389
17052008356.613787 2093723295.9697123
17052008402.020952 2093723313.4199274
17052008227.12086 2093723319.0359483
17052008293.515532 2093723329.7871523
17052008478.873837 2093723348.8126352
17052008449.222576 2093723353.0246658
17052008502.055904 2093723365.0481412
17052008531.62129 2093723367.9240668
17052008298.628826 2093723355.3986945
17052008283.230696 2093723362.6026917
17052008299.427616 2093723381.0968018
17052008390.03354 2093723384.7469723
17052008180.846506 2093723386.637139
17052008227.78634 2093723408.1232262
17052008297.670416 2093723420.5773427
17052008355.838062 2093723427.4895327
17052008284.0602 2093723431.8805299
17052008557.01505 2093723459.6026936
17052008471.569754 2093723457.9097774
17052008342.075085 2093723460.8149054
17052008309.415607 2093723474.0919528
17052008287.324093 2093723478.924391
17052008182.098993 2093723478.1358387
17052008298.15201 2093723482.495975
17052008206.576933 2093723484.4275427
17052008278.70624 2093723484.0750456
17052008193.454515 2093723490.7474246
17052008572.268913 2093723512.4734764
17052008207.946161 2093723496.515769
17052008233.824883 2093723496.1897392
17052008241.55224 2093723501.6015747
17052008501.279697 2093723521.5518951
17052008300.994732 2093723514.1587572
17052008232.707344 2093723517.0665646
17052008324.701513 2093723528.2051232
17052008290.171062 2093723529.6134703
17052008211.482252 2093723529.2364914
17052008598.455536 2093723561.6239576
17052008291.548298 2093723568.046422
17052008191.263725 2093723569.096819
17052008277.728739 2093723583.3441272
17052008361.24848 2093723598.6462767
17052008377.069546 2093723602.4795406
17052008532.499506 2093723621.8583875
17052008363.874147 2093723614.6237361
17052008595.858118 2093723648.3657882
17052008349.976877 2093723632.98303
17052008169.815197 2093723640.580811
17052008522.731047 2093723655.393104
17052008218.630753 2093723652.5914695
17052008390.008608 2093723667.6759512
17052008251.485102 2093723675.3421123
17052008546.10261 2093723689.1354477
17052008442.487394 2093723693.4946365
17052008462.40765 2093723695.5399852
17052008534.64666 2093723697.547418
17052008300.48734 2093723700.5235198
17052008441.853123 2093723717.0431573
17052008473.067818 2093723721.2069244
17052008362.038666 2093723241.2558422
17052008406.856062 2093723245.2983983
17052008361.885904 2093723263.278028
17052008380.42295 2093723285.8778343
17052008403.919037 2093723296.121563
17052008477.400114 2093723302.5883691
17052008210.650434 2093723296.381017
17052008226.737425 2093723314.2474303
17052008332.565277 2093723320.4502099
17052008499.84948 2093723332.8046887
17052008259.32522 2093723324.3855379
17052008340.663233 2093723337.8979356
17052008215.664932 2093723332.032252
17052008319.938911 2093723346.1190255
17052008365.346079 2093723363.5692408
17052008190.445984 2093723369.1852617
17052008256.840658 2093723379.9364657
17052008442.198961 2093723398.9619486
17052008412.5477 2093723403.173979
17052008465.381031 2093723415.1974545
17052008494.946415 2093723418.07338
17052008261.95395 2093723405.548008
17052008246.55582 2093723412.7520049
17052008262.75274 2093723431.246115
17052008353.358665 2093723434.8962858
17052008144.171633 2093723436.7864523
17052008191.111467 2093723458.2725394
17052008260.99554 2093723470.7266562
17052008319.163187 2093723477.638846
17052008247.385326 2093723482.029843
17052008520.340178 2093723509.7520068
17052008434.894878 2093723508.0590906
17052008305.400211 2093723510.9642186
17052008272.740734 2093723524.241266
17052008250.649218 2093723529.0737042
17052008145.424118 2093723528.285152
17052008261.477135 2093723532.6452885
17052008169.90206 2093723534.5768561
17052008242.031366 2093723534.224359
17052008156.779642 2093723540.896738
17052008535.59404 2093723562.6227899
17052008171.271286 2093723546.6650825
17052008197.15001 2093723546.3390524
17052008204.877365 2093723551.7508879
17052008464.604824 2093723571.7012084
17052008264.319859 2093723564.3080704
17052008196.03247 2093723567.2158778
17052008288.02664 2093723578.3544364
17052008253.496187 2093723579.7627835
17052008174.807377 2093723579.385805
17052008561.780663 2093723611.773271
17052008254.873425 2093723618.1957355
17052008154.58885 2093723619.2461321
17052008241.053865 2093723633.4934406
17052008324.573606 2093723648.79559
17052008340.39467 2093723652.6288538
17052008495.82463 2093723672.007701
17052008327.199274 2093723664.7730494
17052008559.183245 2093723698.5151014
17052008313.302004 2093723683.1323433
17052008133.140324 2093723690.7301242
17052008486.056173 2093723705.5424173
17052008181.95588 2093723702.740783
17052008353.333735 2093723717.8252647
17052008214.810228 2093723725.4914255
17052008509.427734 2093723739.284761
17052008405.812521 2093723743.64395
17052008425.732777 2093723745.6892986
17052008497.971786 2093723747.6967313
17052008263.812468 2093723750.6728332
17052008405.178247 2093723767.1924708
17052008436.392944 2093723771.3562376
