159305820662.16174 51761598616.403
159305820660.46832 51761598624.2854
159305820466.53482 51761598690.936935
159305820661.6094 51761598650.58138
159305820701.0706 51761598702.20309
159305820474.40503 51761598715.71716
159305820538.1208 51761598719.01623
159305820475.82288 51761598675.24863
159305820556.9988 51761598732.71368
159305820640.374 51761598758.78901
159305820589.53424 51761598742.2671
159305820536.51874 51761598697.33476
159305820648.76712 51761598777.59207
159305820499.77594 51761598733.40121
159305820486.56396 51761598735.25677
159305820650.87125 51761598736.68291
159305820453.03308 51761598739.31487
159305820680.66727 51761598803.64143
159305820514.83313 51761598798.680084
159305820565.51813 51761598819.912315
159305820527.1239 51761598818.827965
159305820525.07883 51761598781.19609
159305820737.0355 51761598800.73298
159305820604.831 51761598801.59128
159305820587.2856 51761598807.08299
159305820490.05508 51761598808.47191
159305820573.28806 51761598868.18265
159305820448.92493 51761598799.2396
159305820378.30975 51761598856.465775
159305820675.68738 51761598820.94719
159305820389.3054 51761598868.46979
159305820530.08313 51761598875.95798
159305820436.22366 51761598818.20478
159305820325.06116 51761598899.90562
159305820730.18268 51761598943.540085
159305820645.60284 51761598866.49849
159305820328.08722 51761598911.21238
159305820563.76538 51761598858.38363
159305820378.65613 51761598921.58307
159305820337.60617 51761598857.3198
159305820467.37808 51761598936.25069
159305820560.9478 51761598960.29023
159305820495.87143 51761598934.715256
159305820355.32675 51761598943.91255
159305820509.5567 51761598938.92402
159305820565.05722 51761598970.68795
159305820574.6832 51761598928.7626
159305820397.30338 51761598964.0438
159305820527.55603 51761598971.060295
159305820539.72217 51761598981.15907
159305820409.15836 51761598989.17266
159305820509.75977 51761598931.77839
159305820583.13492 51761598948.185616
159305820501.2857 51761598966.02393
159305820622.83154 51761599002.80323
159305820572.03995 51761598960.26459
159305820462.3292 51761598975.28046
159305820568.16632 51761598998.726875
159305820399.97592 51761599007.99516
159305820534.24222 51761599001.18431
159305820317.02338 51761598995.041756
159305820528.9501 51761599015.7786
159305820633.68124 51761599071.89449
159305820309.91318 51761599007.46935
159305820690.11572 51761599080.847145
159305820312.74963 51761599097.05073
159305820482.2159 51761599098.17783
159305820403.4829 51761599128.45211
159305820327.46857 51761599112.391945
159305820379.34357 51761599112.90467
159305820614.97336 51761599173.76135
159305820408.01593 51761599156.95565
159305820610.4224 51761598657.04829
159305820608.72894 51761598664.93069
159305820414.79547 51761598731.582214
159305820609.87003 51761598691.22667
159305820649.3312 51761598742.84837
159305820422.66568 51761598756.36245
159305820486.38144 51761598759.661514
159305820424.08353 51761598715.89391
159305820505.25946 51761598773.35896
159305820588.63464 51761598799.434296
159305820537.7949 51761598782.912384
159305820484.7794 51761598737.98005
159305820597.02777 51761598818.23735
159305820448.0366 51761598774.04649
159305820434.8246 51761598775.902054
159305820599.1319 51761598777.32819
159305820401.29373 51761598779.96016
159305820628.92792 51761598844.28672
159305820463.09378 51761598839.32537
159305820513.77878 51761598860.5576
159305820475.38455 51761598859.47325
159305820473.33948 51761598821.84138
159305820685.29614 51761598841.378265
159305820553.09164 51761598842.236565
159305820535.54626 51761598847.72828
159305820438.3157 51761598849.117195
159305820521.5487 51761598908.827934
159305820397.18558 51761598839.88489
159305820326.5704 51761598897.11106
159305820623.94803 51761598861.592476
159305820337.56604 51761598909.115074
159305820478.34378 51761598916.603264
159305820384.4843 51761598858.85007
159305820273.3218 51761598940.5509
159305820678.44333 51761598984.18537
159305820593.8635 51761598907.143776
159305820276.34787 51761598951.857666
159305820512.026 51761598899.028915
159305820326.91678 51761598962.228355
159305820285.86682 51761598897.96509
159305820415.63873 51761598976.89597
159305820509.20847 51761599000.93551
159305820444.13208 51761598975.36054
159305820303.5874 51761598984.55783
159305820457.81732 51761598979.569305
159305820513.31787 51761599011.33324
159305820522.94385 51761598969.40789
159305820345.564 51761599004.68909
159305820475.81668 51761599011.70558
159305820487.98282 51761599021.80436
159305820357.419 51761599029.81794
159305820458.02042 51761598972.423676
159305820531.39557 51761598988.830894
159305820449.54636 51761599006.66922
159305820571.0922 51761599043.44852
159305820520.3006 51761599000.909874
159305820410.58984 51761599015.92574
159305820516.42694 51761599039.37216
159305820348.23657 51761599048.64045
159305820482.50287 51761599041.8296
159305820265.28403 51761599035.68704
159305820477.21075 51761599056.42389
159305820581.9419 51761599112.53978
159305820258.17383 51761599048.11464
159305820638.37634 51761599121.49243
159305820261.01028 51761599137.696014
159305820430.47656 51761599138.82312
159305820351.74356 51761599169.0974
159305820275.72922 51761599153.03723
159305820327.60422 51761599153.54996
159305820563.234 51761599214.40663
159305820356.27655 51761599197.60094
