159305820657.41296 51761598573.447586
159305820661.28482 51761598664.358826
159305820688.3684 51761598679.64276
159305820712.4017 51761598691.7836
159305820516.62753 51761598688.626465
159305820533.42603 51761598703.1458
159305820620.41238 51761598726.23919
159305820565.73688 51761598710.91728
159305820627.89648 51761598743.9589
159305820514.80423 51761598668.65129
159305820472.5048 51761598700.900696
159305820459.2928 51761598702.756256
159305820627.56152 51761598704.47624
159305820657.9217 51761598769.04053
159305820478.66153 51761598697.57177
159305820550.7758 51761598715.015915
159305820739.64432 51761598807.89043
159305820470.24402 51761598724.94229
159305820717.41428 51761598779.36837
159305820756.00702 51761598827.39073
159305820543.78662 51761598807.00576
159305820562.49033 51761598822.6956
159305820451.59518 51761598783.442566
159305820647.80875 51761598781.631546
159305820414.22537 51761598770.028496
159305820491.90778 51761598843.70143
159305820400.3536 51761598790.89891
159305820559.9501 51761598811.12057
159305820605.33105 51761598819.68947
159305820529.51648 51761598897.609
159305820715.84692 51761598850.74039
159305820527.46283 51761598860.38689
159305820553.44443 51761598851.511284
159305820594.74683 51761598848.87806
159305820429.32883 51761598914.3149
159305820541.69635 51761598921.54698
159305820574.83807 51761598903.68413
159305820583.71667 51761598905.46473
159305820549.96484 51761598930.30094
159305820458.33237 51761598911.611916
159305820532.23184 51761598877.05612
159305820473.92288 51761598916.99119
159305820496.27628 51761598935.4715
159305820365.8636 51761598940.61273
159305820592.9189 51761598910.94588
159305820512.4272 51761598945.9189
159305820565.2278 51761598900.44323
159305820554.1328 51761598912.5222
159305820472.4186 51761598898.30432
159305820599.44 51761598940.2374
159305820376.37375 51761598969.63921
159305820587.13705 51761598943.17631
159305820472.7019 51761598934.425316
159305820536.2396 51761598994.76588
159305820437.97055 51761598943.85192
159305820516.7479 51761599024.60244
159305820518.86493 51761599034.82585
159305820507.38834 51761598966.313545
159305820356.46625 51761598962.56403
159305820610.96783 51761599039.514
159305820504.0886 51761598981.08215
159305820695.68787 51761599033.61207
159305820466.69122 51761599070.0086
159305820632.08694 51761599112.17754
159305820423.50623 51761599070.24568
159305820340.50497 51761599122.47984
159305820683.0786 51761599131.440605
159305820737.76187 51761599126.932335
159305820702.74106 51761599136.1723
159305820537.70877 51761599094.43652
159305820352.0985 51761599150.59728
159305820642.66885 51761599180.982445
159305820705.01904 51761599173.08823
159305820513.87506 51761599114.43539
159305820723.98422 51761599185.78948
159305820591.22083 51761599174.34629
159305820643.22217 51761599150.90754
159305820610.5674 51761598615.52485
159305820614.4393 51761598706.43609
159305820641.52286 51761598721.720024
159305820665.55618 51761598733.86086
159305820469.782 51761598730.70372
159305820486.58047 51761598745.22306
159305820573.56683 51761598768.31645
159305820518.89133 51761598752.994545
159305820581.05093 51761598786.03616
159305820467.9587 51761598710.728546
159305820425.65924 51761598742.97796
159305820412.44724 51761598744.83352
159305820580.716 51761598746.5535
159305820611.07617 51761598811.11778
159305820431.816 51761598739.64903
159305820503.93027 51761598757.09317
159305820692.79877 51761598849.96768
159305820423.39847 51761598767.01955
159305820670.56876 51761598821.44563
159305820709.16147 51761598869.467995
159305820496.9411 51761598849.083015
159305820515.6448 51761598864.77286
159305820404.74963 51761598825.51983
159305820600.9632 51761598823.7088
159305820367.37982 51761598812.10576
159305820445.06223 51761598885.778694
159305820353.50806 51761598832.97617
159305820513.10458 51761598853.19782
159305820558.4855 51761598861.76672
159305820482.67093 51761598939.686264
159305820669.0014 51761598892.81764
159305820480.6173 51761598902.46415
159305820506.59888 51761598893.58854
159305820547.90128 51761598890.95532
159305820382.48328 51761598956.392166
159305820494.8508 51761598963.62424
159305820527.99255 51761598945.76139
159305820536.87115 51761598947.541985
159305820503.11932 51761598972.3782
159305820411.48685 51761598953.68917
159305820485.38632 51761598919.13338
159305820427.07733 51761598959.06844
159305820449.43073 51761598977.54876
159305820319.01807 51761598982.689995
159305820546.07336 51761598953.02313
159305820465.58163 51761598987.996155
159305820518.38226 51761598942.520485
159305820507.2873 51761598954.599464
159305820425.5731 51761598940.38158
159305820552.59448 51761598982.31465
159305820329.52823 51761599011.71647
159305820540.2915 51761598985.25356
159305820425.85635 51761598976.50258
159305820489.39407 51761599036.84314
159305820391.125 51761598985.929184
159305820469.90237 51761599066.679695
159305820472.0194 51761599076.903114
159305820460.5428 51761599008.39081
159305820309.62073 51761599004.6413
159305820564.12228 51761599081.59126
159305820457.24307 51761599023.15942
159305820648.84235 51761599075.68932
159305820419.8457 51761599112.08586
159305820585.24142 51761599154.2548
159305820376.6607 51761599112.32294
159305820293.65945 51761599164.557106
159305820636.2331 51761599173.51786
159305820690.91632 51761599169.00959
159305820655.8955 51761599178.249565
159305820490.86322 51761599136.51379
159305820305.25296 51761599192.67454
159305820595.82333 51761599223.05971
159305820658.17352 51761599215.16548
159305820467.0295 51761599156.51264
159305820677.1387 51761599227.86674
159305820544.37527 51761599216.423546
159305820596.37665 51761599192.9848
