159305820595.94623 51761598663.90855
159305820678.68097 51761598645.15938
159305820595.025 51761598685.91199
159305820647.4778 51761598692.36661
159305820670.60208 51761598703.424095
159305820730.91544 51761598725.03683
159305820467.33362 51761598707.77602
159305820482.7873 51761598726.19298
159305820578.9958 51761598740.68446
159305820752.2966 51761598756.01821
159305820526.0637 51761598724.91698
159305820586.4799 51761598758.404175
159305820468.65448 51761598684.52328
159305820586.81952 51761598718.276
159305820619.5902 51761598780.32211
159305820448.2878 51761598725.27341
159305820487.74878 51761598799.02516
159305820701.1151 51761598813.15038
159305820680.1984 51761598788.853
159305820723.71646 51761598830.185036
159305820760.87122 51761598820.29075
159305820528.15268 51761598779.18884
159305820512.5125 51761598785.85107
159305820497.05972 51761598850.55036
159305820609.81882 51761598797.59421
159305820405.7739 51761598835.480705
159305820451.9353 51761598858.59188
159305820521.12854 51761598836.22299
159305820566.81796 51761598833.544106
159305820507.13214 51761598847.044304
159305820754.8201 51761598937.65724
159305820674.78964 51761598931.72664
159305820551.90033 51761598866.36886
159305820534.6884 51761598897.873886
159305820510.8222 51761598928.03053
159305820394.0537 51761598937.26252
159305820521.5189 51761598931.97783
159305820397.86688 51761598950.651855
159305820495.27835 51761598893.162056
159305820404.9622 51761598950.262726
159305820768.2195 51761598991.02817
159305820398.81342 51761598962.7805
159305820451.07205 51761598951.88562
159305820458.60583 51761598957.56384
159305820702.2604 51761598996.36685
159305820515.185 51761598922.74425
159305820438.3704 51761598917.586105
159305820545.35236 51761598980.71264
159305820503.82855 51761598937.811806
159305820435.4305 51761598951.35031
159305820799.26837 51761599039.363976
159305820506.88196 51761598979.37082
159305820397.91415 51761598969.61919
159305820492.53693 51761598994.1769
159305820581.63705 51761599047.65659
159305820597.31473 51761599052.03967
159305820733.20264 51761599032.2668
159305820574.92404 51761599025.71518
159305820813.00516 51761599108.6495
159305820561.04413 51761599044.202805
159305820389.17773 51761599082.00718
159305820722.2698 51761599065.44017
159305820430.55328 51761599107.523994
159305820600.60974 51761599129.32701
159305820462.59363 51761599131.40737
159305820761.1056 51761599115.082565
159305820660.8984 51761599140.75317
159305820680.73517 51761599143.49248
159305820749.36307 51761599123.08961
159305820513.34323 51761599154.93619
159305820626.01025 51761599191.33369
159305820669.6496 51761599193.98593
159305820557.5435 51761598712.747375
159305820640.27823 51761598693.99821
159305820556.62225 51761598734.75082
159305820609.0751 51761598741.20544
159305820632.19937 51761598752.262924
159305820692.51273 51761598773.875656
159305820428.9309 51761598756.614845
159305820444.38458 51761598775.03181
159305820540.59308 51761598789.52329
159305820713.8939 51761598804.85704
159305820487.66095 51761598773.755806
159305820548.07718 51761598807.243004
159305820430.25177 51761598733.36211
159305820548.4168 51761598767.11483
159305820581.1875 51761598829.16094
159305820409.88507 51761598774.112236
159305820449.34607 51761598847.86399
159305820662.7124 51761598861.98921
159305820641.7957 51761598837.691826
159305820685.31375 51761598879.023865
159305820722.46848 51761598869.12958
159305820489.74997 51761598828.02767
159305820474.1098 51761598834.689896
159305820458.657 51761598899.38919
159305820571.4161 51761598846.43304
159305820367.3712 51761598884.319534
159305820413.53256 51761598907.43071
159305820482.72583 51761598885.06182
159305820528.41525 51761598882.382935
159305820468.72943 51761598895.88313
159305820716.4174 51761598986.49607
159305820636.3869 51761598980.56547
159305820513.49762 51761598915.20769
159305820496.28568 51761598946.712715
159305820472.4195 51761598976.86936
159305820355.651 51761598986.10135
159305820483.11618 51761598980.81666
159305820359.46417 51761598999.490685
159305820456.87564 51761598942.000885
159305820366.55945 51761598999.101555
159305820729.8168 51761599039.867
159305820360.41068 51761599011.61933
159305820412.66934 51761599000.72445
159305820420.20312 51761599006.40267
159305820663.85767 51761599045.20568
159305820476.7823 51761598971.58308
159305820399.96765 51761598966.424934
159305820506.94962 51761599029.55147
159305820465.42584 51761598986.650635
159305820397.0278 51761599000.18914
159305820760.86566 51761599088.202805
159305820468.47925 51761599028.20965
159305820359.51144 51761599018.458015
159305820454.13422 51761599043.01573
159305820543.23434 51761599096.49542
159305820558.912 51761599100.8785
159305820694.79993 51761599081.10563
159305820536.52133 51761599074.55401
159305820774.60245 51761599157.48833
159305820522.64142 51761599093.04163
159305820350.77502 51761599130.84601
159305820683.86707 51761599114.279
159305820392.15057 51761599156.36282
159305820562.20703 51761599178.16584
159305820424.19092 51761599180.2462
159305820722.70288 51761599163.921394
159305820622.4957 51761599189.591995
159305820642.33243 51761599192.33131
159305820710.96033 51761599171.92844
159305820474.94052 51761599203.77502
159305820587.60754 51761599240.172516
159305820631.2469 51761599242.82476
159305820416.11954 51761598550.80522
159305820498.85428 51761598532.05605
159305820415.1983 51761598572.80866
159305820467.65112 51761598579.26328
159305820490.7754 51761598590.32078
159305820551.08875 51761598611.9335
159305820287.50693 51761598594.6727
159305820302.9606 51761598613.08965
159305820399.1691 51761598627.58115
159305820572.4699 51761598642.91489
159305820346.237 51761598611.81366
159305820406.6532 51761598645.30086
159305820288.8278 51761598571.41996
159305820406.99283 51761598605.172676
159305820439.76352 51761598667.218796
159305820268.46112 51761598612.17008
159305820307.9221 51761598685.921844
159305820521.28842 51761598700.04706
159305820500.3717 51761598675.74967
159305820543.88977 51761598717.08172
159305820581.04453 51761598707.18743
159305820348.326 51761598666.085526
159305820332.68582 51761598672.74774
159305820317.23303 51761598737.447044
159305820429.99213 51761598684.49088
159305820225.9472 51761598722.37739
159305820272.1086 51761598745.48856
159305820341.30185 51761598723.11967
159305820386.99127 51761598720.44079
159305820327.30545 51761598733.94098
159305820574.9934 51761598824.55392
159305820494.96295 51761598818.623314
159305820372.07364 51761598753.26553
159305820354.8617 51761598784.77056
159305820330.9955 51761598814.927216
159305820214.22702 51761598824.159195
159305820341.6922 51761598818.87451
159305820218.0402 51761598837.54854
159305820315.45166 51761598780.05873
159305820225.1355 51761598837.1594
159305820588.39282 51761598877.92484
159305820218.98672 51761598849.677185
159305820271.24536 51761598838.782295
159305820278.77914 51761598844.46052
159305820522.43372 51761598883.26353
159305820335.3583 51761598809.64092
159305820258.5437 51761598804.48279
159305820365.52567 51761598867.609314
159305820324.00186 51761598824.70848
159305820255.60382 51761598838.24699
159305820619.44168 51761598926.26066
159305820327.05527 51761598866.267494
159305820218.08746 51761598856.51586
159305820312.71024 51761598881.073586
159305820401.81036 51761598934.553276
159305820417.48804 51761598938.93635
159305820553.37595 51761598919.163475
159305820395.09735 51761598912.611855
159305820633.17847 51761598995.54617
159305820381.21744 51761598931.09948
159305820209.35104 51761598968.90386
159305820542.4431 51761598952.33685
159305820250.7266 51761598994.42067
159305820420.78305 51761599016.22369
159305820282.76694 51761599018.304054
159305820581.2789 51761599001.97925
159305820481.07172 51761599027.64985
159305820500.90848 51761599030.38915
159305820569.53638 51761599009.98628
159305820333.51654 51761599041.83287
159305820446.18356 51761599078.23036
159305820489.8229 51761599080.882614
