159305820569.33902 51761598575.211075
159305820590.81955 51761598582.109474
159305820704.10938 51761598595.856995
159305820721.69223 51761598601.410576
159305820540.8361 51761598559.56375
159305820681.24518 51761598574.83277
159305820707.78488 51761598640.813095
159305820788.7851 51761598617.34269
159305820675.32022 51761598653.71517
159305820706.02795 51761598658.409386
159305820782.9326 51761598626.86886
159305820498.84125 51761598670.3943
159305820740.5394 51761598678.77602
159305820523.55963 51761598697.652374
159305820568.41776 51761598699.673676
159305820648.55603 51761598722.6784
159305820596.17438 51761598715.151726
159305820660.0249 51761598740.746735
159305820542.3309 51761598674.362526
159305820652.60303 51761598703.05807
159305820488.94516 51761598736.43158
159305820682.38376 51761598768.6545
159305820737.95236 51761598795.153946
159305820519.88797 51761598774.75824
159305820741.06558 51761598805.464516
159305820562.9698 51761598797.09138
159305820817.476 51761598770.38228
159305820739.70956 51761598769.08373
159305820533.2621 51761598793.99708
159305820796.85486 51761598776.60873
159305820614.47986 51761598763.161285
159305820631.3832 51761598785.16135
159305820601.09357 51761598767.00923
159305820525.4626 51761598755.685036
159305820589.71738 51761598825.35436
159305820574.6852 51761598763.90402
159305820493.51447 51761598781.47711
159305820580.50076 51761598772.16243
159305820670.3143 51761598785.306366
159305820450.08228 51761598784.10643
159305820442.3245 51761598792.46209
159305820534.53998 51761598814.9665
159305820561.28604 51761598890.63621
159305820637.9595 51761598833.13092
159305820467.38632 51761598821.166504
159305820752.5713 51761598909.66727
159305820585.83347 51761598885.453285
159305820589.75476 51761598848.42395
159305820466.5885 51761598918.850494
159305820587.275 51761598869.50792
159305820648.8328 51761598891.06612
159305820563.13425 51761598938.24759
159305820476.97406 51761598937.827866
159305820568.41415 51761598946.74008
159305820621.57855 51761598915.73046
159305820600.7475 51761598933.682625
159305820403.1374 51761598940.43325
159305820569.2382 51761598896.458015
159305820534.2563 51761598948.83252
159305820550.4072 51761598959.279915
159305820573.5346 51761598982.60149
159305820420.7081 51761598969.073616
159305820510.39865 51761598911.66534
159305820631.71893 51761598944.51209
159305820491.3617 51761598987.96817
159305820621.05972 51761598951.61009
159305820586.0702 51761598989.039635
159305820601.66068 51761598994.41891
159305820505.64487 51761599008.29036
159305820544.6801 51761599032.84777
159305820648.74167 51761599033.55052
159305820482.75665 51761598979.57469
159305820383.21375 51761598973.34953
159305820549.1265 51761598984.55778
159305820542.57672 51761599002.053505
159305820668.16727 51761599122.774086
159305820498.3934 51761599085.82463
159305820450.40176 51761599083.633545
159305820783.56696 51761599092.13884
159305820713.73068 51761599145.33516
159305820728.32498 51761599150.62727
159305820721.3381 51761599188.35328
159305820705.5842 51761599123.21255
159305820760.22647 51761599186.32915
159305820629.0845 51761599170.011566
