159305820711.9448 51761598618.797554
159305820697.8804 51761598677.7648
159305820715.11465 51761598687.30316
159305820528.55515 51761598684.284294
159305820543.36124 51761598698.62932
159305820631.9364 51761598722.5727
159305820582.18976 51761598707.21112
159305820639.33334 51761598741.288605
159305820525.80115 51761598661.36282
159305820474.2144 51761598727.998955
159305820641.6763 51761598701.23176
159305820667.83206 51761598767.78239
159305820495.5266 51761598765.09478
159305820543.9717 51761598784.814705
159305820503.2722 51761598779.825905
159305820742.07687 51761598797.7048
159305820595.73276 51761598750.169495
159305820584.426 51761598753.19556
159305820751.25443 51761598807.542114
159305820503.23715 51761598736.98433
159305820723.01846 51761598768.61769
159305820562.72168 51761598740.14876
159305820764.15088 51761598826.09559
159305820568.3008 51761598780.09389
159305820468.36563 51761598774.709114
159305820559.24765 51761598756.90976
159305820655.51785 51761598781.344124
159305820430.37436 51761598763.471375
159305820505.36798 51761598838.49348
159305820414.42303 51761598785.16367
159305820579.42395 51761598824.90575
159305820520.26776 51761598889.055214
159305820617.81796 51761598824.983734
159305820519.48334 51761598898.020966
159305820721.2596 51761598853.47319
159305820550.47736 51761598916.46941
159305820435.54578 51761598908.506775
159305820604.158 51761598854.90706
159305820440.8735 51761598924.41637
159305820556.36917 51761598910.37283
159305820583.85516 51761598891.84806
159305820573.63174 51761598893.96508
159305820468.91708 51761598880.5007
159305820440.73666 51761598937.454056
159305820540.11902 51761598883.056335
159305820375.83374 51761598932.13056
159305820486.7157 51761598872.34861
159305820597.0778 51761598909.80289
159305820578.21506 51761598914.19968
159305820388.5106 51761598959.33897
159305820501.26215 51761598925.13132
159305820563.48392 51761598921.94525
159305820477.6524 51761598931.09629
159305820587.75836 51761598939.94473
159305820529.78903 51761598998.28206
159305820487.43823 51761598966.21182
159305820461.01422 51761598969.92294
159305820547.0844 51761598960.2073
159305820364.76306 51761598953.46605
159305820510.41708 51761598966.07844
159305820588.14053 51761598987.0033
159305820506.034 51761598981.75608
159305820578.02957 51761599022.256226
159305820688.39005 51761599112.25548
159305820467.67822 51761599069.855385
159305820425.66373 51761599068.18723
159305820633.9837 51761599113.9818
159305820679.7379 51761599141.00275
159305820735.4654 51761599127.8224
159305820371.99408 51761599080.59917
159305820700.13507 51761599148.81018
159305820641.4764 51761599184.89318
159305820681.87375 51761599190.25915
159305820513.30905 51761599152.896034
159305820719.02707 51761599192.300934
159305820586.28055 51761599179.356606
159305820666.7927 51761598652.99241
159305820652.7283 51761598711.959656
159305820669.96255 51761598721.49802
159305820483.40305 51761598718.47916
159305820498.20914 51761598732.82418
159305820586.7843 51761598756.76756
159305820537.0377 51761598741.405975
159305820594.18124 51761598775.48347
159305820480.64905 51761598695.55768
159305820429.0623 51761598762.19381
159305820596.5242 51761598735.42661
159305820622.67996 51761598801.97725
159305820450.3745 51761598799.289635
159305820498.8196 51761598819.00957
159305820458.1201 51761598814.02077
159305820696.9248 51761598831.89966
159305820550.58066 51761598784.36435
159305820539.2739 51761598787.39042
159305820706.10233 51761598841.73697
159305820458.08505 51761598771.17919
159305820677.86636 51761598802.812546
159305820517.56958 51761598774.34362
159305820718.99878 51761598860.29044
159305820523.1487 51761598814.28874
159305820423.21353 51761598808.90398
159305820514.09555 51761598791.104614
159305820610.36575 51761598815.53898
159305820385.22226 51761598797.66623
159305820460.21588 51761598872.68834
159305820369.27097 51761598819.35853
159305820534.27185 51761598859.1006
159305820475.11566 51761598923.25007
159305820572.66586 51761598859.1786
159305820474.33124 51761598932.21582
159305820676.1075 51761598887.668045
159305820505.32526 51761598950.66427
159305820390.3937 51761598942.70163
159305820559.0059 51761598889.10191
159305820395.7214 51761598958.61123
159305820511.2171 51761598944.56769
159305820538.70306 51761598926.042915
159305820528.47968 51761598928.15994
159305820423.76498 51761598914.695564
159305820395.58456 51761598971.64891
159305820494.96692 51761598917.25119
159305820330.68164 51761598966.325424
159305820441.5636 51761598906.543465
159305820551.9257 51761598943.99774
159305820533.06296 51761598948.39453
159305820343.3585 51761598993.53382
159305820456.11005 51761598959.32617
159305820518.33182 51761598956.14011
159305820432.5003 51761598965.29115
159305820542.60626 51761598974.13959
159305820484.63696 51761599032.47691
159305820442.28613 51761599000.40668
159305820415.86212 51761599004.1178
159305820501.9323 51761598994.40216
159305820319.61096 51761598987.660904
159305820465.26498 51761599000.27329
159305820542.98843 51761599021.19816
159305820460.8819 51761599015.95094
159305820532.87747 51761599056.45108
159305820643.23795 51761599146.45033
159305820422.52612 51761599104.05024
159305820380.51163 51761599102.38209
159305820588.8316 51761599148.17665
159305820634.58582 51761599175.1976
159305820690.3133 51761599162.01726
159305820326.84198 51761599114.79402
159305820654.98297 51761599183.005035
159305820596.32434 51761599219.088036
159305820636.72168 51761599224.454
159305820468.15695 51761599187.09089
159305820673.87497 51761599226.4958
159305820541.12845 51761599213.55147
