159305820560.33282 51761598681.19215
159305820516.6127 51761598710.49319
159305820531.27466 51761598797.66677
159305820572.00922 51761598794.07223
159305820583.7021 51761598798.10668
159305820602.80707 51761598821.07873
159305820538.06058 51761598836.76631
159305820546.54086 51761598854.57317
159305820527.2786 51761598790.00724
159305820515.9623 51761598874.70651
159305820518.1665 51761598883.93374
159305820447.06293 51761598901.08111
159305820584.83185 51761598871.80503
159305820453.9866 51761598913.73269
159305820522.50006 51761598933.78032
159305820451.8468 51761598871.10331
159305820531.15466 51761598949.594795
159305820711.0852 51761598913.87554
159305820504.67908 51761598914.3009
159305820479.55023 51761598926.15589
159305820699.51593 51761598961.24551
159305820667.588 51761598970.49802
159305820530.67245 51761599011.36918
159305820432.2909 51761599000.62908
159305820675.50375 51761599040.15471
159305820447.1345 51761599026.0194
159305820556.5999 51761599046.31191
159305820597.10498 51761598993.25071
159305820583.32037 51761599013.12492
159305820665.24362 51761599021.1528
159305820644.4677 51761599144.18724
159305820585.46826 51761599153.078926
