159305820652.11606 51761598602.05692
159305820557.15637 51761598688.59681
159305820672.2625 51761598695.68183
159305820575.33313 51761598751.40144
159305820746.08356 51761598781.50304
159305820577.438 51761598784.71165
159305820471.95178 51761598767.78246
159305820543.4863 51761598846.54259
159305820549.7624 51761598855.12223
159305820549.20563 51761598806.4945
159305820461.06668 51761598890.62192
159305820476.9503 51761598840.90333
159305820515.95108 51761598854.68885
159305820440.74524 51761598899.67936
159305820479.73297 51761598931.084526
159305820513.26263 51761598926.10136
159305820525.69025 51761598933.21155
159305820607.16595 51761598917.80386
159305820497.5081 51761598888.374344
159305820490.27512 51761598952.24523
159305820497.89606 51761598956.92726
159305820530.45685 51761598974.16997
159305820461.79294 51761598905.98725
159305820454.4213 51761598921.403435
159305820355.15408 51761598989.1785
159305820521.1327 51761599020.32909
159305820598.70016 51761599004.94147
159305820390.52194 51761598977.18907
159305820383.84753 51761598984.6357
159305820442.70514 51761599034.33815
159305820582.7757 51761599024.01457
159305820576.0815 51761599135.30006
159305820590.6758 51761599140.59217
159305820602.7805 51761598684.06913
159305820507.8208 51761598770.60902
159305820622.92694 51761598777.69403
159305820525.99756 51761598833.41364
159305820696.748 51761598863.51524
159305820528.10242 51761598866.723854
159305820422.6162 51761598849.79466
159305820494.15073 51761598928.55479
159305820500.42682 51761598937.13444
159305820499.87006 51761598888.50671
159305820411.7311 51761598972.634125
159305820427.61472 51761598922.91553
159305820466.6155 51761598936.70105
159305820391.40967 51761598981.69156
159305820430.3974 51761599013.096725
159305820463.92706 51761599008.113556
159305820476.35468 51761599015.223755
159305820557.83038 51761598999.81606
159305820448.17252 51761598970.38655
159305820440.93954 51761599034.25744
159305820448.5605 51761599038.93946
159305820481.12128 51761599056.182175
159305820412.45737 51761598987.99945
159305820405.08572 51761599003.415634
159305820305.8185 51761599071.190704
159305820471.79712 51761599102.34129
159305820549.3646 51761599086.95367
159305820341.18637 51761599059.20128
159305820334.51196 51761599066.6479
159305820393.36957 51761599116.35035
159305820533.44012 51761599106.02678
159305820526.74594 51761599217.312256
159305820541.34024 51761599222.60437
