159305820544.5184 51761598709.52699
159305820478.04913 51761598650.69695
159305820444.05386 51761598752.377106
159305820573.62817 51761598773.484985
159305820471.93512 51761598777.90425
159305820521.69702 51761598776.55016
159305820616.83847 51761598807.37999
159305820459.30798 51761598861.356606
159305820587.9572 51761598803.33289
159305820461.59933 51761598869.58762
159305820469.43097 51761598888.898346
159305820655.19946 51761598917.679985
159305820503.64725 51761598941.6559
159305820465.12292 51761598925.84092
159305820535.8437 51761598917.209236
159305820519.38162 51761598921.79191
159305820566.43173 51761598946.74082
159305820507.60812 51761598979.29747
159305820533.6141 51761598946.1168
159305820494.67917 51761598929.89022
159305820453.68726 51761598965.56235
159305820425.44516 51761598967.106766
159305820680.01703 51761598952.60418
159305820492.89856 51761598938.768814
159305820480.19873 51761599032.23887
159305820493.30884 51761598974.86676
159305820560.6184 51761599002.02698
159305820503.53116 51761599088.774956
159305820416.60895 51761599087.924515
159305820677.54037 51761599114.40962
159305820666.87585 51761599080.139206
159305820416.2856 51761599126.04138
159305820693.85342 51761599145.95142
159305820563.18555 51761598794.4772
159305820496.71628 51761598735.64716
159305820462.72098 51761598837.32731
159305820592.29532 51761598858.435196
159305820490.60223 51761598862.85446
159305820540.36414 51761598861.500374
159305820635.5056 51761598892.3302
159305820477.97513 51761598946.30681
159305820606.62436 51761598888.283104
159305820480.26648 51761598954.537834
159305820488.0981 51761598973.84856
159305820673.8666 51761599002.630196
159305820522.3144 51761599026.60611
159305820483.79007 51761599010.79113
159305820554.5108 51761599002.15945
159305820538.04877 51761599006.74212
159305820585.09888 51761599031.691025
159305820526.27527 51761599064.24768
159305820552.28122 51761599031.06701
159305820513.3463 51761599014.84042
159305820472.35437 51761599050.51256
159305820444.1123 51761599052.05698
159305820698.68414 51761599037.55439
159305820511.5657 51761599023.719025
159305820498.86588 51761599117.18908
159305820511.97595 51761599059.81697
159305820579.28552 51761599086.97719
159305820522.19827 51761599173.72517
159305820435.2761 51761599172.874725
159305820696.20752 51761599199.35983
159305820685.543 51761599165.08942
159305820434.95276 51761599210.99159
159305820712.52054 51761599230.901634
