159305820510.90103 51761598639.83567
159305820508.33603 51761598657.68002
159305820419.25494 51761598762.10649
159305820557.71783 51761598737.12537
159305820640.01172 51761598731.70871
159305820425.60602 51761598792.77673
159305820492.54727 51761598826.390205
159305820527.92114 51761598848.37936
159305820611.8629 51761598879.6279
159305820562.30252 51761598868.45228
159305820374.57675 51761598867.16485
159305820643.2435 51761598922.52614
159305820397.25305 51761598906.2901
159305820494.67072 51761598941.921455
159305820498.95444 51761598950.32679
159305820476.61038 51761598963.53364
159305820475.28806 51761598985.39622
159305820500.9052 51761598949.14148
159305820391.63586 51761599010.48491
159305820498.3402 51761598966.98583
159305820561.0465 51761599044.935974
159305820485.54315 51761599061.767136
159305820431.93448 51761598990.06072
159305820521.09387 51761599028.91114
159305820511.69232 51761599033.10771
159305820355.3697 51761599005.48722
159305820483.91946 51761599019.342384
159305820481.14267 51761599028.13382
159305820478.81046 51761599111.319695
159305820537.8016 51761599099.5728
159305820405.81265 51761599069.0301
159305820497.29407 51761599115.101425
159305820399.94366 51761599179.83827
159305820351.09436 51761599185.74333
159305820412.96915 51761599203.0619
159305820485.4074 51761599235.1682
159305820646.60397 51761599214.853386
159305820394.68704 51761599172.614784
