159305820494.5712 51761598702.604614
159305820534.53143 51761598739.22674
159305820424.0063 51761598771.33911
159305820425.20206 51761598803.56597
159305820556.92563 51761598752.189186
159305820632.53433 51761598748.404396
159305820493.75705 51761598846.52554
159305820530.55652 51761598869.819084
159305820375.6331 51761598875.40787
159305820613.98755 51761598894.92373
159305820563.1198 51761598887.7253
159305820647.70917 51761598934.0115
159305820394.79785 51761598920.24882
159305820491.5352 51761598965.87527
159305820494.73557 51761598975.189644
159305820493.22177 51761598911.4967
159305820467.90976 51761599021.11995
159305820403.76163 51761599011.2607
159305820494.16364 51761599047.45724
159305820412.55307 51761599014.03749
159305820535.39972 51761599029.50881
159305820522.2749 51761599030.36818
159305820504.15295 51761599013.902916
159305820432.41956 51761599078.329056
159305820496.9556 51761599027.326706
159305820521.8746 51761599090.62064
159305820483.1293 51761599039.77616
159305820476.50693 51761599126.17545
159305820493.5308 51761599066.31807
159305820488.84875 51761599073.939
159305820529.83698 51761599162.98944
159305820439.2015 51761599118.1169
