159305820544.5184 51761598709.52699
159305820478.04913 51761598650.69695
159305820444.05386 51761598752.377106
159305820573.62817 51761598773.484985
159305820471.93512 51761598777.90425
159305820521.69702 51761598776.55016
159305820616.83847 51761598807.37999
159305820459.30798 51761598861.356606
159305820587.9572 51761598803.33289
159305820461.59933 51761598869.58762
159305820469.43097 51761598888.898346
159305820655.19946 51761598917.679985
159305820503.64725 51761598941.6559
159305820465.12292 51761598925.84092
159305820535.8437 51761598917.209236
159305820519.38162 51761598921.79191
159305820566.43173 51761598946.74082
159305820507.60812 51761598979.29747
159305820533.6141 51761598946.1168
159305820494.67917 51761598929.89022
159305820453.68726 51761598965.56235
159305820425.44516 51761598967.106766
159305820680.01703 51761598952.60418
159305820492.89856 51761598938.768814
159305820480.19873 51761599032.23887
159305820493.30884 51761598974.86676
159305820560.6184 51761599002.02698
159305820503.53116 51761599088.774956
159305820416.60895 51761599087.924515
159305820677.54037 51761599114.40962
159305820666.87585 51761599080.139206
159305820416.2856 51761599126.04138
159305820693.85342 51761599145.95142
