159305820652.11606 51761598602.05692
159305820557.15637 51761598688.59681
159305820672.2625 51761598695.68183
159305820575.33313 51761598751.40144
159305820746.08356 51761598781.50304
159305820577.438 51761598784.71165
159305820471.95178 51761598767.78246
159305820543.4863 51761598846.54259
159305820549.7624 51761598855.12223
159305820549.20563 51761598806.4945
159305820461.06668 51761598890.62192
159305820476.9503 51761598840.90333
159305820515.95108 51761598854.68885
159305820440.74524 51761598899.67936
159305820479.73297 51761598931.084526
159305820513.26263 51761598926.10136
159305820525.69025 51761598933.21155
159305820607.16595 51761598917.80386
159305820497.5081 51761598888.374344
159305820490.27512 51761598952.24523
159305820497.89606 51761598956.92726
159305820530.45685 51761598974.16997
159305820461.79294 51761598905.98725
159305820454.4213 51761598921.403435
159305820355.15408 51761598989.1785
159305820521.1327 51761599020.32909
159305820598.70016 51761599004.94147
159305820390.52194 51761598977.18907
159305820383.84753 51761598984.6357
159305820442.70514 51761599034.33815
159305820582.7757 51761599024.01457
159305820576.0815 51761599135.30006
159305820590.6758 51761599140.59217
