159305820443.28738 51761598673.00493
159305820440.2866 51761598695.830246
159305820535.78076 51761598782.013756
159305820447.0405 51761598807.77081
159305820659.69025 51761598779.13656
159305820453.30444 51761598839.43725
159305820581.77585 51761598789.50695
159305820383.9443 51761598778.11854
159305820518.0897 51761598883.41602
159305820322.07144 51761598899.961006
159305820552.82535 51761598908.3438
159305820404.31116 51761598919.32634
159305820633.47522 51761598935.43205
159305820583.22195 51761598928.0681
159305820364.6095 51761598890.53277
159305820355.46945 51761598891.74076
159305820420.0141 51761598957.8415
159305820664.94296 51761598977.3341
159305820526.6537 51761598996.032326
159305820533.10413 51761599002.61958
159305820516.83954 51761598950.075485
159305820384.95383 51761599005.94287
159305820365.3089 51761598992.75795
159305820350.75208 51761598998.51113
159305820484.57965 51761598999.263
159305820400.9999 51761598989.58807
159305820351.90878 51761598991.71492
159305820398.4349 51761599007.43242
159305820426.99243 51761599063.45386
159305820518.31805 51761599049.11335
159305820471.7342 51761599095.42768
159305820411.35226 51761599070.11608
159305820392.9418 51761599078.49256
159305820512.50302 51761599069.68482
159305820328.10904 51761599093.516396
