159305820501.89392 51761598737.3952
159305820410.3386 51761598766.9955
159305820629.7597 51761598731.352684
159305820546.19147 51761598737.19659
159305820417.773 51761598796.75671
159305820485.13812 51761598830.76109
159305820503.0949 51761598866.46198
159305820607.9732 51761598878.68392
159305820558.46033 51761598868.88223
159305820368.3358 51761598873.99958
159305820642.5167 51761598919.85124
159305820390.01587 51761598913.03768
159305820474.8552 51761598952.47112
159305820474.36972 51761598969.49359
159305820613.30792 51761598912.54304
159305820460.0217 51761599007.55133
159305820495.40558 51761599030.08939
159305820476.47153 51761599026.05545
159305820380.26993 51761599027.870445
159305820534.69073 51761599015.564445
159305820520.65686 51761599015.34046
159305820494.88058 51761599039.505135
159305820502.45242 51761598998.21504
159305820413.477 51761599001.23968
159305820446.38046 51761599041.01088
159305820495.34222 51761599010.64264
159305820398.22293 51761599014.96242
159305820523.2408 51761599066.97258
159305820369.68103 51761599041.273186
159305820474.61066 51761599098.873886
159305820485.47702 51761599041.43749
159305820524.14655 51761599148.40431
159305820421.91733 51761599078.31022
159305820326.14307 51761599173.31439
159305820400.84995 51761599184.182625
159305820324.69888 51761599201.295
159305820415.78067 51761599208.57675
159305820645.46667 51761599230.0237
