159305820360.86298 51761598618.14973
159305820588.81262 51761598657.60217
159305820445.1385 51761598656.02334
159305820440.91754 51761598692.79539
159305820372.14456 51761598735.10944
159305820430.65543 51761598734.617714
159305820487.51855 51761598797.10215
159305820678.17108 51761598781.260925
159305820555.23267 51761598818.82309
159305820624.23056 51761598835.56383
159305820283.8929 51761598827.77434
159305820662.81512 51761598815.43911
159305820591.01422 51761598794.94274
159305820652.5917 51761598817.55614
159305820573.6806 51761598809.48736
159305820439.67712 51761598871.461975
159305820315.63885 51761598858.10676
159305820342.78537 51761598880.55817
159305820516.4863 51761598872.82014
159305820492.78943 51761598879.7813
159305820404.59845 51761598863.38965
159305820658.6467 51761598984.626
159305820512.876 51761599002.50709
159305820489.8502 51761598937.06466
159305820515.4663 51761599018.79482
159305820447.86023 51761599004.83422
159305820463.53787 51761599009.2173
159305820397.96417 51761598994.87016
159305820451.08987 51761599054.80488
159305820451.16486 51761599076.89547
159305820430.7685 51761599006.98482
159305820424.0444 51761599026.47293
159305820472.6432 51761599128.898285
