159305820392.24503 51761598681.213585
159305820365.26062 51761598679.856575
159305820621.12146 51761598741.77335
159305820487.5548 51761598736.48584
159305820460.75452 51761598710.21772
159305820660.8396 51761598728.49469
159305820702.25543 51761598756.62821
159305820645.2866 51761598734.16072
159305820745.97665 51761598778.35887
159305820505.39005 51761598787.13223
159305820509.58664 51761598796.53377
159305820558.30112 51761598773.693245
159305820517.1657 51761598777.221344
159305820501.96133 51761598778.90259
159305820523.9607 51761598827.524376
159305820571.83737 51761598814.02648
159305820401.08405 51761598817.83999
159305820505.0081 51761598797.4102
159305820439.6561 51761598842.008804
159305820454.81082 51761598852.36905
159305820532.80588 51761598813.68893
159305820663.91083 51761598844.74337
159305820428.74832 51761598842.26932
159305820419.99435 51761598850.53783
159305820345.8359 51761598913.235916
159305820383.97806 51761598947.69134
159305820448.65213 51761598959.43579
159305820727.67322 51761599001.69511
159305820679.60815 51761598948.864075
159305820768.68542 51761598988.036446
159305820728.78186 51761599037.80792
159305820644.45123 51761598997.39652
159305820748.13315 51761599057.5697
159305820597.93546 51761599027.01411
159305820547.68994 51761599027.6373
159305820486.04337 51761599025.11117
159305820426.0706 51761599087.625145
159305820460.5537 51761599064.03772
