159305820582.36682 51761598594.49935
159305820534.02618 51761598660.86017
159305820393.38614 51761598600.67347
159305820718.9995 51761598684.746185
159305820561.38486 51761598627.79736
159305820749.18433 51761598695.41757
159305820372.1008 51761598710.23074
159305820559.6135 51761598739.25354
159305820384.25473 51761598743.41631
159305820612.61798 51761598784.406555
159305820479.11786 51761598781.85231
159305820650.53226 51761598766.21689
159305820451.7644 51761598755.6069
159305820693.84888 51761598797.14095
159305820630.5587 51761598776.51526
159305820717.54956 51761598766.65512
159305820515.90073 51761598819.97533
159305820713.34082 51761598780.34038
159305820540.66876 51761598835.1919
159305820547.2366 51761598818.40082
159305820391.81805 51761598864.131966
159305820497.58984 51761598885.94286
159305820430.31317 51761598890.844086
159305820445.38074 51761598902.20052
159305820506.6083 51761598924.81297
159305820507.81628 51761598933.95304
159305820451.32007 51761598870.45972
159305820659.58746 51761598887.57401
159305820423.53354 51761598899.219666
159305820446.02795 51761598885.054016
159305820406.54855 51761598909.7795
159305820341.04355 51761598961.58367
159305820371.94153 51761598933.81107
159305820429.88757 51761598938.1178
159305820762.2807 51761599003.98296
159305820672.85422 51761598991.28713
159305820348.10495 51761598986.52698
159305820640.25708 51761599041.23011
159305820593.5109 51761599059.22439
159305820544.67697 51761599073.54941
159305820481.23212 51761599070.74632
159305820421.8101 51761599137.6445
159305820455.2195 51761599115.65005
