159305820571.81378 51761598591.135864
159305820382.5246 51761598522.43211
159305820360.93256 51761598562.70349
159305820626.6646 51761598640.95295
159305820683.22372 51761598659.95471
159305820452.02167 51761598603.95883
159305820697.7547 51761598701.95295
159305820515.72552 51761598667.19934
159305820670.89493 51761598710.64504
159305820432.47122 51761598725.85068
159305820487.4164 51761598747.41008
159305820505.09164 51761598708.42943
159305820318.90585 51761598772.14771
159305820317.11307 51761598804.1131
159305820528.12903 51761598823.38648
159305820717.7753 51761598775.63508
159305820710.76776 51761598862.58179
159305820590.00137 51761598851.3197
159305820374.94318 51761598799.544205
159305820717.13104 51761598870.16524
159305820277.02118 51761598817.60445
159305820343.3415 51761598795.70547
159305820678.01364 51761598835.20629
159305820327.527 51761598804.360085
159305820628.0486 51761598830.95052
159305820460.5455 51761598882.523315
159305820607.7264 51761598845.23368
159305820430.63416 51761598856.43777
159305820488.66278 51761598932.19912
159305820501.09406 51761598947.790344
159305820510.0973 51761598959.62004
159305820499.9177 51761598917.69535
159305820479.2094 51761598924.917984
159305820481.01877 51761598981.988075
159305820368.51163 51761598961.05763
159305820507.57605 51761598933.766525
159305820675.76172 51761599009.16693
159305820282.54468 51761598989.63395
159305820480.76917 51761598992.99594
159305820421.66995 51761598985.48781
159305820489.29913 51761598998.76132
159305820439.07852 51761598993.03378
159305820550.7791 51761598992.22441
159305820479.9036 51761598959.34884
159305820534.75284 51761598991.82611
159305820427.379 51761599039.67262
159305820324.2255 51761598981.19488
159305820313.91495 51761598984.3081
159305820427.06787 51761599054.7027
159305820403.8243 51761598982.004295
159305820306.11353 51761599070.89459
159305820425.4413 51761599104.74514
159305820387.8339 51761599058.95054
159305820310.94547 51761599107.45484
