159305820738.75217 51761598695.71244
159305820583.82565 51761598668.6642
159305820631.97086 51761598750.227356
159305820530.99124 51761598673.370026
159305820518.80072 51761598709.44483
159305820652.85666 51761598806.771866
159305820731.3557 51761598782.20913
159305820695.82913 51761598798.17353
159305820527.32693 51761598838.145386
159305820659.63345 51761598818.18992
159305820580.49542 51761598815.426445
159305820405.90573 51761598874.79624
159305820546.7408 51761598927.16441
159305820429.43094 51761598923.938614
159305820437.1765 51761598938.66974
159305820563.92538 51761598948.74426
159305820393.71683 51761598915.67435
159305820413.64075 51761598917.417465
159305820349.5979 51761598914.50917
159305820452.17303 51761598918.06889
159305820432.02515 51761598930.359665
159305820542.67426 51761598926.24325
159305820515.1162 51761598969.18278
159305820394.2885 51761598955.189224
