159305820386.6936 51761598698.12673
159305820500.32114 51761598740.79972
159305820633.94855 51761598747.123764
159305820473.9733 51761598713.82259
159305820671.86282 51761598728.9341
159305820709.49802 51761598775.679886
159305820651.88925 51761598739.232475
159305820730.4556 51761598788.55545
159305820511.75916 51761598796.78501
159305820572.35474 51761598765.98864
159305820514.78522 51761598808.09178
159305820527.42722 51761598783.29987
159305820511.1395 51761598785.89016
159305820407.7814 51761598819.37823
159305820570.4717 51761598785.09931
159305820447.18573 51761598847.148346
159305820486.37274 51761598865.16371
159305820462.2533 51761598858.50478
159305820536.95862 51761598881.75125
159305820542.23853 51761598890.243744
159305820676.12213 51761598851.03934
159305820438.08658 51761598844.803955
159305820428.33643 51761598852.985306
159305820387.99466 51761598890.72925
159305820454.92514 51761598965.8649
159305820731.79837 51761599006.93991
159305820685.45667 51761598954.63753
159305820772.80753 51761598990.6921
159305820746.76965 51761599001.46374
159305820652.20557 51761599006.740746
159305820746.01917 51761599074.04447
159305820604.47305 51761599032.60517
159305820554.22754 51761599033.22836
159305820491.96875 51761599028.78894
159305820429.87582 51761599091.81569
159305820596.83008 51761599115.88689
159305820474.65997 51761599118.666275
159305820519.26474 51761599136.62217
