159305820394.90912 51761598588.306465
159305820613.82184 51761598585.56335
159305820608.23077 51761598592.10094
159305820439.7596 51761598587.50288
159305820499.2258 51761598648.23401
159305820416.48193 51761598707.60977
159305820680.37518 51761598713.75864
159305820653.04214 51761598716.386406
159305820468.08994 51761598726.81529
159305820508.23666 51761598738.35824
159305820317.9277 51761598687.18109
159305820507.8687 51761598802.54135
159305820312.6234 51761598724.862175
159305820564.94165 51761598837.417564
159305820700.6375 51761598799.438286
159305820356.42612 51761598786.207954
159305820271.98495 51761598811.09147
159305820649.90518 51761598833.25559
159305820435.7935 51761598861.66973
159305820689.2811 51761598814.505844
159305820603.9788 51761598820.103546
159305820327.13818 51761598799.7067
159305820583.9181 51761598831.39812
159305820672.0809 51761598825.87662
159305820406.2745 51761598840.6702
159305820463.63092 51761598911.73499
159305820503.673 51761598856.75087
159305820477.0922 51761598929.977646
159305820473.23212 51761598898.05356
159305820456.5086 51761598905.62482
159305820501.381 51761598922.48991
159305820487.90753 51761598927.334045
159305820358.48093 51761598958.21692
159305820494.9703 51761598994.52085
159305820635.87524 51761599014.472565
159305820409.15518 51761598979.37381
159305820434.41202 51761598928.60291
159305820502.8902 51761599007.25959
159305820423.66232 51761598985.66212
159305820489.6839 51761598955.95061
159305820431.99686 51761598957.24036
159305820426.1818 51761598977.81182
159305820393.28287 51761598984.056656
159305820386.5213 51761598992.49947
159305820323.69016 51761599061.3244
159305820646.95892 51761599105.78605
159305820416.0144 51761599105.852905
159305820357.29364 51761599033.36424
159305820418.2064 51761599138.166916
